   0.00000  1.00000  0.00000  0.00000  0.00000  0.00000  0.00000
   0.00050  0.99997  0.00003  0.00000  0.00000  0.00000  0.00000
   0.00100  0.99986  0.00012  0.00001  0.00001  0.00000  0.00000
   0.00150  0.99973  0.00023  0.00003  0.00001  0.00000  0.00000
   0.00200  0.99963  0.00032  0.00004  0.00002  0.00000  0.00000
   0.00250  0.99951  0.00044  0.00004  0.00002  0.00000  0.00000
   0.00300  0.99929  0.00065  0.00005  0.00001  0.00000  0.00000
   0.00350  0.99894  0.00099  0.00006  0.00000  0.00000  0.00000
   0.00400  0.99847  0.00145  0.00007  0.00000  0.00000  0.00000
   0.00450  0.99788  0.00204  0.00008  0.00000  0.00000  0.00000
   0.00500  0.99708  0.00282  0.00009  0.00001  0.00000  0.00000
   0.00550  0.99613  0.00375  0.00009  0.00003  0.00000  0.00000
   0.00600  0.99506  0.00480  0.00010  0.00004  0.00000  0.00000
   0.00650  0.99388  0.00598  0.00010  0.00004  0.00000  0.00000
   0.00700  0.99252  0.00735  0.00009  0.00004  0.00000  0.00000
   0.00750  0.99103  0.00885  0.00009  0.00003  0.00000  0.00000
   0.00800  0.98958  0.01032  0.00008  0.00002  0.00000  0.00000
   0.00850  0.98813  0.01179  0.00007  0.00001  0.00000  0.00000
   0.00900  0.98644  0.01350  0.00006  0.00000  0.00000  0.00000
   0.00950  0.98406  0.01588  0.00005  0.00001  0.00000  0.00000
   0.01000  0.98128  0.01865  0.00005  0.00003  0.00000  0.00000
   0.01050  0.97852  0.02136  0.00006  0.00006  0.00000  0.00000
   0.01100  0.97613  0.02372  0.00007  0.00007  0.00000  0.00000
   0.01150  0.97406  0.02578  0.00008  0.00008  0.00000  0.00000
   0.01200  0.97215  0.02771  0.00008  0.00006  0.00000  0.00000
   0.01250  0.97030  0.02958  0.00008  0.00004  0.00000  0.00000
   0.01300  0.96838  0.03153  0.00007  0.00002  0.00000  0.00000
   0.01350  0.96618  0.03375  0.00006  0.00001  0.00000  0.00000
   0.01400  0.96364  0.03631  0.00004  0.00001  0.00000  0.00000
   0.01450  0.96100  0.03893  0.00003  0.00003  0.00000  0.00000
   0.01500  0.95853  0.04137  0.00003  0.00006  0.00000  0.00000
   0.01550  0.95615  0.04373  0.00002  0.00009  0.00000  0.00000
   0.01600  0.95366  0.04621  0.00002  0.00010  0.00000  0.00000
   0.01650  0.95121  0.04867  0.00002  0.00010  0.00000  0.00000
   0.01700  0.94917  0.05073  0.00002  0.00008  0.00000  0.00000
   0.01750  0.94763  0.05230  0.00002  0.00006  0.00000  0.00000
   0.01800  0.94624  0.05371  0.00002  0.00004  0.00000  0.00000
   0.01850  0.94452  0.05544  0.00001  0.00002  0.00000  0.00000
   0.01900  0.94260  0.05736  0.00001  0.00003  0.00000  0.00000
   0.01950  0.94066  0.05927  0.00001  0.00006  0.00000  0.00000
   0.02000  0.93887  0.06102  0.00001  0.00009  0.00000  0.00000
   0.02050  0.93728  0.06258  0.00001  0.00012  0.00000  0.00000
   0.02100  0.93604  0.06381  0.00001  0.00013  0.00000  0.00000
   0.02150  0.93523  0.06463  0.00001  0.00013  0.00000  0.00000
   0.02200  0.93472  0.06515  0.00001  0.00011  0.00000  0.00000
   0.02250  0.93427  0.06563  0.00001  0.00009  0.00000  0.00000
   0.02300  0.93378  0.06614  0.00001  0.00007  0.00000  0.00000
   0.02350  0.93334  0.06659  0.00000  0.00006  0.00000  0.00000
   0.02400  0.93299  0.06693  0.00000  0.00007  0.00000  0.00000
   0.02450  0.93272  0.06717  0.00000  0.00010  0.00000  0.00000
   0.02500  0.93252  0.06734  0.00000  0.00014  0.00000  0.00000
   0.02550  0.93243  0.06740  0.00000  0.00016  0.00000  0.00000
   0.02600  0.93246  0.06736  0.00001  0.00017  0.00000  0.00000
   0.02650  0.93254  0.06729  0.00001  0.00016  0.00000  0.00000
   0.02700  0.93264  0.06720  0.00001  0.00015  0.00000  0.00000
   0.02750  0.93284  0.06701  0.00001  0.00014  0.00000  0.00000
   0.02800  0.93317  0.06669  0.00001  0.00013  0.00000  0.00000
   0.02850  0.93363  0.06624  0.00001  0.00013  0.00000  0.00000
   0.02900  0.93425  0.06561  0.00000  0.00014  0.00000  0.00000
   0.02950  0.93506  0.06477  0.00000  0.00017  0.00000  0.00000
   0.03000  0.93591  0.06388  0.00000  0.00020  0.00000  0.00000
   0.03050  0.93660  0.06319  0.00000  0.00021  0.00000  0.00000
   0.03100  0.93709  0.06270  0.00000  0.00021  0.00000  0.00000
   0.03150  0.93758  0.06221  0.00000  0.00021  0.00000  0.00000
   0.03200  0.93812  0.06169  0.00000  0.00019  0.00000  0.00000
   0.03250  0.93849  0.06133  0.00000  0.00018  0.00000  0.00000
   0.03300  0.93867  0.06114  0.00000  0.00018  0.00000  0.00000
   0.03350  0.93916  0.06065  0.00000  0.00018  0.00000  0.00000
   0.03400  0.94041  0.05939  0.00000  0.00020  0.00000  0.00000
   0.03450  0.94213  0.05762  0.00001  0.00024  0.00000  0.00000
   0.03500  0.94360  0.05612  0.00001  0.00027  0.00000  0.00000
   0.03550  0.94436  0.05535  0.00001  0.00028  0.00000  0.00000
   0.03600  0.94457  0.05513  0.00001  0.00028  0.00000  0.00000
   0.03650  0.94464  0.05507  0.00001  0.00028  0.00000  0.00000
   0.03700  0.94486  0.05486  0.00001  0.00027  0.00000  0.00000
   0.03750  0.94552  0.05420  0.00001  0.00026  0.00000  0.00000
   0.03800  0.94691  0.05283  0.00001  0.00025  0.00000  0.00000
   0.03850  0.94886  0.05087  0.00000  0.00027  0.00000  0.00000
   0.03900  0.95078  0.04891  0.00000  0.00030  0.00000  0.00000
   0.03950  0.95229  0.04736  0.00001  0.00034  0.00000  0.00000
   0.04000  0.95364  0.04598  0.00001  0.00036  0.00000  0.00000
   0.04050  0.95526  0.04434  0.00002  0.00037  0.00000  0.00000
   0.04100  0.95704  0.04257  0.00004  0.00035  0.00000  0.00000
   0.04150  0.95840  0.04122  0.00005  0.00033  0.00001  0.00000
   0.04200  0.95921  0.04043  0.00005  0.00031  0.00001  0.00000
   0.04250  0.95985  0.03980  0.00005  0.00029  0.00000  0.00000
   0.04300  0.96088  0.03877  0.00005  0.00029  0.00000  0.00000
   0.04350  0.96239  0.03724  0.00005  0.00031  0.00000  0.00000
   0.04400  0.96407  0.03550  0.00006  0.00037  0.00000  0.00000
   0.04450  0.96560  0.03390  0.00006  0.00044  0.00000  0.00000
   0.04500  0.96681  0.03263  0.00007  0.00048  0.00001  0.00000
   0.04550  0.96763  0.03181  0.00007  0.00048  0.00001  0.00000
   0.04600  0.96811  0.03135  0.00007  0.00047  0.00000  0.00000
   0.04650  0.96853  0.03097  0.00006  0.00044  0.00000  0.00000
   0.04700  0.96905  0.03050  0.00005  0.00039  0.00001  0.00000
   0.04750  0.96960  0.03001  0.00003  0.00035  0.00001  0.00000
   0.04800  0.96985  0.02974  0.00004  0.00036  0.00001  0.00000
   0.04850  0.96976  0.02975  0.00006  0.00041  0.00002  0.00000
   0.04900  0.96946  0.02996  0.00009  0.00048  0.00001  0.00000
   0.04950  0.96895  0.03039  0.00012  0.00054  0.00001  0.00000
   0.05000  0.96822  0.03106  0.00015  0.00056  0.00001  0.00000
   0.05050  0.96737  0.03191  0.00016  0.00055  0.00001  0.00000
   0.05100  0.96651  0.03280  0.00017  0.00050  0.00001  0.00000
   0.05150  0.96565  0.03372  0.00017  0.00045  0.00001  0.00000
   0.05200  0.96470  0.03472  0.00015  0.00041  0.00001  0.00000
   0.05250  0.96352  0.03594  0.00013  0.00040  0.00001  0.00000
   0.05300  0.96185  0.03762  0.00010  0.00043  0.00001  0.00000
   0.05350  0.95935  0.04006  0.00007  0.00051  0.00001  0.00000
   0.05400  0.95607  0.04324  0.00005  0.00063  0.00001  0.00000
   0.05450  0.95273  0.04649  0.00005  0.00071  0.00001  0.00000
   0.05500  0.95020  0.04899  0.00006  0.00073  0.00002  0.00000
   0.05550  0.94854  0.05067  0.00006  0.00071  0.00001  0.00000
   0.05600  0.94699  0.05227  0.00006  0.00066  0.00001  0.00000
   0.05650  0.94486  0.05448  0.00005  0.00059  0.00001  0.00000
   0.05700  0.94210  0.05731  0.00004  0.00053  0.00002  0.00000
   0.05750  0.93901  0.06040  0.00004  0.00053  0.00002  0.00000
   0.05800  0.93579  0.06357  0.00004  0.00058  0.00003  0.00000
   0.05850  0.93250  0.06677  0.00005  0.00066  0.00002  0.00000
   0.05900  0.92943  0.06975  0.00006  0.00074  0.00002  0.00000
   0.05950  0.92687  0.07226  0.00006  0.00078  0.00002  0.00000
   0.06000  0.92476  0.07437  0.00007  0.00078  0.00002  0.00000
   0.06050  0.92289  0.07628  0.00006  0.00075  0.00002  0.00000
   0.06100  0.92137  0.07785  0.00006  0.00070  0.00002  0.00000
   0.06150  0.92040  0.07886  0.00005  0.00068  0.00002  0.00000
   0.06200  0.91960  0.07968  0.00004  0.00066  0.00002  0.00000
   0.06250  0.91807  0.08122  0.00003  0.00067  0.00001  0.00000
   0.06300  0.91528  0.08396  0.00001  0.00074  0.00001  0.00000
   0.06350  0.91178  0.08734  0.00000  0.00086  0.00002  0.00000
   0.06400  0.90866  0.09035  0.00000  0.00096  0.00002  0.00000
   0.06450  0.90653  0.09243  0.00001  0.00100  0.00002  0.00000
   0.06500  0.90511  0.09386  0.00002  0.00099  0.00002  0.00000
   0.06550  0.90426  0.09473  0.00002  0.00096  0.00002  0.00000
   0.06600  0.90379  0.09522  0.00002  0.00094  0.00002  0.00000
   0.06650  0.90343  0.09559  0.00002  0.00092  0.00002  0.00000
   0.06700  0.90280  0.09624  0.00002  0.00091  0.00003  0.00000
   0.06750  0.90177  0.09725  0.00002  0.00093  0.00003  0.00000
   0.06800  0.90063  0.09834  0.00002  0.00099  0.00002  0.00000
   0.06850  0.89966  0.09923  0.00001  0.00107  0.00002  0.00000
   0.06900  0.89894  0.09990  0.00001  0.00112  0.00002  0.00000
   0.06950  0.89842  0.10040  0.00001  0.00115  0.00002  0.00000
   0.07000  0.89817  0.10066  0.00001  0.00114  0.00002  0.00000
   0.07050  0.89817  0.10066  0.00001  0.00114  0.00002  0.00000
   0.07100  0.89822  0.10058  0.00001  0.00117  0.00002  0.00000
   0.07150  0.89822  0.10056  0.00001  0.00118  0.00002  0.00000
   0.07200  0.89828  0.10051  0.00001  0.00117  0.00002  0.00000
   0.07250  0.89849  0.10028  0.00001  0.00120  0.00002  0.00000
   0.07300  0.89882  0.09987  0.00002  0.00127  0.00002  0.00000
   0.07350  0.89927  0.09933  0.00002  0.00136  0.00002  0.00000
   0.07400  0.89985  0.09867  0.00002  0.00143  0.00003  0.00000
   0.07450  0.90044  0.09807  0.00002  0.00145  0.00003  0.00000
   0.07500  0.90070  0.09781  0.00002  0.00144  0.00003  0.00000
   0.07550  0.90049  0.09801  0.00002  0.00146  0.00003  0.00000
   0.07600  0.89998  0.09847  0.00002  0.00149  0.00003  0.00000
   0.07650  0.89963  0.09880  0.00002  0.00151  0.00003  0.00000
   0.07700  0.89965  0.09878  0.00002  0.00151  0.00003  0.00000
   0.07750  0.90021  0.09822  0.00002  0.00153  0.00003  0.00000
   0.07800  0.90153  0.09683  0.00002  0.00160  0.00003  0.00000
   0.07850  0.90350  0.09474  0.00002  0.00171  0.00002  0.00000
   0.07900  0.90533  0.09282  0.00003  0.00179  0.00002  0.00000
   0.07950  0.90610  0.09204  0.00003  0.00180  0.00002  0.00000
   0.08000  0.90574  0.09239  0.00003  0.00181  0.00002  0.00000
   0.08050  0.90525  0.09286  0.00003  0.00183  0.00002  0.00000
   0.08100  0.90566  0.09247  0.00003  0.00181  0.00002  0.00000
   0.08150  0.90701  0.09115  0.00003  0.00177  0.00003  0.00000
   0.08200  0.90880  0.08936  0.00004  0.00177  0.00003  0.00000
   0.08250  0.91077  0.08734  0.00005  0.00181  0.00003  0.00000
   0.08300  0.91275  0.08527  0.00005  0.00189  0.00003  0.00000
   0.08350  0.91460  0.08334  0.00005  0.00197  0.00003  0.00000
   0.08400  0.91581  0.08211  0.00004  0.00200  0.00003  0.00000
   0.08450  0.91641  0.08152  0.00004  0.00200  0.00003  0.00000
   0.08500  0.91658  0.08135  0.00004  0.00200  0.00003  0.00000
   0.08550  0.91636  0.08156  0.00004  0.00201  0.00003  0.00000
   0.08600  0.91578  0.08211  0.00005  0.00203  0.00003  0.00000
   0.08650  0.91557  0.08231  0.00005  0.00203  0.00004  0.00000
   0.08700  0.91686  0.08101  0.00004  0.00205  0.00003  0.00000
   0.08750  0.91982  0.07793  0.00003  0.00218  0.00003  0.00000
   0.08800  0.92340  0.07408  0.00008  0.00241  0.00004  0.00000
   0.08850  0.92633  0.07089  0.00015  0.00258  0.00004  0.00000
   0.08900  0.92814  0.06896  0.00021  0.00264  0.00004  0.00000
   0.08950  0.92915  0.06793  0.00025  0.00263  0.00004  0.00000
   0.09000  0.92992  0.06718  0.00027  0.00258  0.00004  0.00000
   0.09050  0.93084  0.06631  0.00029  0.00251  0.00004  0.00001
   0.09100  0.93205  0.06517  0.00031  0.00242  0.00005  0.00000
   0.09150  0.93337  0.06385  0.00033  0.00238  0.00006  0.00000
   0.09200  0.93448  0.06267  0.00034  0.00244  0.00007  0.00000
   0.09250  0.93515  0.06189  0.00033  0.00255  0.00007  0.00000
   0.09300  0.93547  0.06151  0.00032  0.00264  0.00006  0.00000
   0.09350  0.93563  0.06133  0.00029  0.00269  0.00006  0.00000
   0.09400  0.93572  0.06127  0.00025  0.00269  0.00006  0.00000
   0.09450  0.93576  0.06132  0.00021  0.00265  0.00006  0.00000
   0.09500  0.93573  0.06141  0.00018  0.00261  0.00006  0.00000
   0.09550  0.93569  0.06148  0.00017  0.00259  0.00006  0.00000
   0.09600  0.93550  0.06173  0.00015  0.00257  0.00006  0.00000
   0.09650  0.93470  0.06254  0.00012  0.00259  0.00005  0.00000
   0.09700  0.93291  0.06416  0.00014  0.00274  0.00004  0.00001
   0.09750  0.93036  0.06635  0.00024  0.00299  0.00006  0.00001
   0.09800  0.92745  0.06884  0.00042  0.00322  0.00007  0.00000
   0.09850  0.92515  0.07089  0.00056  0.00331  0.00008  0.00000
   0.09900  0.92388  0.07210  0.00064  0.00330  0.00008  0.00001
   0.09950  0.92352  0.07246  0.00065  0.00328  0.00008  0.00001
   0.10000  0.92328  0.07272  0.00066  0.00326  0.00008  0.00001
   0.10050  0.92216  0.07390  0.00065  0.00320  0.00008  0.00000
   0.10100  0.91975  0.07638  0.00060  0.00317  0.00010  0.00001
   0.10150  0.91659  0.07953  0.00053  0.00325  0.00011  0.00001
   0.10200  0.91354  0.08250  0.00045  0.00340  0.00010  0.00000
   0.10250  0.91093  0.08504  0.00038  0.00355  0.00010  0.00000
   0.10300  0.90868  0.08726  0.00032  0.00364  0.00009  0.00000
   0.10350  0.90709  0.08888  0.00028  0.00366  0.00008  0.00001
   0.10400  0.90665  0.08934  0.00027  0.00365  0.00008  0.00001
   0.10450  0.90727  0.08867  0.00028  0.00369  0.00008  0.00001
   0.10500  0.90825  0.08761  0.00029  0.00375  0.00009  0.00001
   0.10550  0.90883  0.08700  0.00030  0.00378  0.00009  0.00001
   0.10600  0.90853  0.08730  0.00030  0.00378  0.00009  0.00001
   0.10650  0.90691  0.08885  0.00032  0.00383  0.00009  0.00000
   0.10700  0.90377  0.09175  0.00037  0.00400  0.00009  0.00000
   0.10750  0.89991  0.09529  0.00047  0.00422  0.00011  0.00000
   0.10800  0.89704  0.09796  0.00054  0.00433  0.00012  0.00000
   0.10850  0.89632  0.09866  0.00056  0.00434  0.00012  0.00000
   0.10900  0.89723  0.09772  0.00055  0.00438  0.00012  0.00000
   0.10950  0.89843  0.09642  0.00054  0.00448  0.00012  0.00000
   0.11000  0.89909  0.09570  0.00054  0.00454  0.00012  0.00000
   0.11050  0.89904  0.09575  0.00054  0.00454  0.00012  0.00000
   0.11100  0.89825  0.09655  0.00052  0.00456  0.00012  0.00000
   0.11150  0.89660  0.09811  0.00047  0.00470  0.00011  0.00000
   0.11200  0.89434  0.10017  0.00040  0.00498  0.00010  0.00001
   0.11250  0.89231  0.10202  0.00035  0.00523  0.00009  0.00001
   0.11300  0.89131  0.10297  0.00033  0.00531  0.00008  0.00001
   0.11350  0.89136  0.10291  0.00033  0.00532  0.00008  0.00001
   0.11400  0.89194  0.10223  0.00033  0.00541  0.00008  0.00001
   0.11450  0.89258  0.10139  0.00032  0.00561  0.00009  0.00001
   0.11500  0.89305  0.10073  0.00030  0.00582  0.00009  0.00001
   0.11550  0.89326  0.10046  0.00028  0.00591  0.00009  0.00001
   0.11600  0.89326  0.10044  0.00028  0.00592  0.00009  0.00001
   0.11650  0.89318  0.10036  0.00030  0.00605  0.00010  0.00001
   0.11700  0.89318  0.10007  0.00032  0.00631  0.00011  0.00001
   0.11750  0.89336  0.09967  0.00033  0.00651  0.00012  0.00001
   0.11800  0.89362  0.09935  0.00033  0.00656  0.00013  0.00001
   0.11850  0.89368  0.09929  0.00033  0.00656  0.00013  0.00001
   0.11900  0.89320  0.09968  0.00034  0.00665  0.00013  0.00001
   0.11950  0.89194  0.10071  0.00035  0.00687  0.00012  0.00001
   0.12000  0.89034  0.10209  0.00037  0.00707  0.00013  0.00001
   0.12050  0.88949  0.10288  0.00038  0.00711  0.00013  0.00001
   0.12100  0.89019  0.10214  0.00038  0.00716  0.00013  0.00001
   0.12150  0.89217  0.09989  0.00039  0.00743  0.00012  0.00001
   0.12200  0.89466  0.09697  0.00042  0.00785  0.00010  0.00001
   0.12250  0.89696  0.09433  0.00045  0.00816  0.00010  0.00001
   0.12300  0.89843  0.09275  0.00047  0.00825  0.00009  0.00001
   0.12350  0.89836  0.09281  0.00047  0.00826  0.00009  0.00001
   0.12400  0.89650  0.09452  0.00046  0.00841  0.00009  0.00001
   0.12450  0.89393  0.09684  0.00047  0.00865  0.00009  0.00001
   0.12500  0.89251  0.09815  0.00049  0.00876  0.00008  0.00001
   0.12550  0.89304  0.09763  0.00048  0.00876  0.00009  0.00001
   0.12600  0.89491  0.09573  0.00043  0.00882  0.00010  0.00001
   0.12650  0.89698  0.09354  0.00038  0.00898  0.00010  0.00001
   0.12700  0.89884  0.09156  0.00034  0.00915  0.00011  0.00001
   0.12750  0.90028  0.09005  0.00032  0.00923  0.00011  0.00001
   0.12800  0.90071  0.08962  0.00031  0.00924  0.00011  0.00001
   0.12850  0.89940  0.09086  0.00032  0.00931  0.00011  0.00001
   0.12900  0.89665  0.09339  0.00031  0.00953  0.00011  0.00001
   0.12950  0.89373  0.09608  0.00029  0.00977  0.00012  0.00001
   0.13000  0.89252  0.09722  0.00027  0.00984  0.00013  0.00001
   0.13050  0.89368  0.09603  0.00030  0.00986  0.00012  0.00001
   0.13100  0.89694  0.09242  0.00042  0.01011  0.00010  0.00001
   0.13150  0.90140  0.08717  0.00065  0.01068  0.00010  0.00000
   0.13200  0.90578  0.08191  0.00091  0.01128  0.00011  0.00000
   0.13250  0.90879  0.07845  0.00108  0.01156  0.00011  0.00001
   0.13300  0.90992  0.07726  0.00112  0.01159  0.00011  0.00001
   0.13350  0.90949  0.07765  0.00112  0.01162  0.00011  0.00001
   0.13400  0.90904  0.07805  0.00113  0.01167  0.00011  0.00001
   0.13450  0.90961  0.07757  0.00109  0.01161  0.00011  0.00001
   0.13500  0.91102  0.07635  0.00095  0.01154  0.00014  0.00001
   0.13550  0.91254  0.07491  0.00075  0.01163  0.00016  0.00001
   0.13600  0.91372  0.07364  0.00056  0.01191  0.00017  0.00001
   0.13650  0.91447  0.07273  0.00041  0.01222  0.00016  0.00001
   0.13700  0.91487  0.07224  0.00033  0.01240  0.00015  0.00001
   0.13750  0.91501  0.07210  0.00030  0.01243  0.00015  0.00001
   0.13800  0.91496  0.07213  0.00030  0.01245  0.00015  0.00001
   0.13850  0.91483  0.07215  0.00031  0.01255  0.00015  0.00001
   0.13900  0.91473  0.07209  0.00030  0.01271  0.00016  0.00001
   0.13950  0.91478  0.07196  0.00028  0.01280  0.00018  0.00001
   0.14000  0.91468  0.07204  0.00029  0.01281  0.00017  0.00001
   0.14050  0.91357  0.07286  0.00041  0.01299  0.00016  0.00001
   0.14100  0.91096  0.07467  0.00070  0.01350  0.00017  0.00001
   0.14150  0.90777  0.07693  0.00105  0.01402  0.00021  0.00001
   0.14200  0.90565  0.07861  0.00126  0.01424  0.00024  0.00001
   0.14250  0.90516  0.07904  0.00130  0.01425  0.00024  0.00001
   0.14300  0.90571  0.07843  0.00129  0.01432  0.00024  0.00001
   0.14350  0.90637  0.07764  0.00131  0.01444  0.00023  0.00001
   0.14400  0.90631  0.07771  0.00130  0.01444  0.00023  0.00001
   0.14450  0.90458  0.07966  0.00113  0.01437  0.00026  0.00001
   0.14500  0.90059  0.08375  0.00080  0.01456  0.00029  0.00001
   0.14550  0.89489  0.08919  0.00046  0.01516  0.00030  0.00001
   0.14600  0.88934  0.09432  0.00025  0.01581  0.00027  0.00001
   0.14650  0.88567  0.09776  0.00015  0.01617  0.00025  0.00001
   0.14700  0.88432  0.09908  0.00013  0.01623  0.00024  0.00001
   0.14750  0.88497  0.09838  0.00014  0.01627  0.00024  0.00001
   0.14800  0.88751  0.09554  0.00015  0.01653  0.00025  0.00001
   0.14850  0.89131  0.09121  0.00016  0.01704  0.00029  0.00001
   0.14900  0.89512  0.08694  0.00015  0.01744  0.00034  0.00001
   0.14950  0.89721  0.08476  0.00015  0.01752  0.00036  0.00001
   0.15000  0.89625  0.08564  0.00015  0.01759  0.00036  0.00001
   0.15050  0.89253  0.08892  0.00020  0.01798  0.00037  0.00001
   0.15100  0.88804  0.09278  0.00029  0.01847  0.00040  0.00001
   0.15150  0.88476  0.09569  0.00036  0.01874  0.00044  0.00001
   0.15200  0.88439  0.09602  0.00037  0.01876  0.00045  0.00001
   0.15250  0.88674  0.09350  0.00034  0.01899  0.00042  0.00001
   0.15300  0.89034  0.08927  0.00034  0.01967  0.00038  0.00001
   0.15350  0.89338  0.08554  0.00039  0.02035  0.00033  0.00001
   0.15400  0.89470  0.08398  0.00043  0.02057  0.00032  0.00001
   0.15450  0.89394  0.08473  0.00039  0.02060  0.00032  0.00001
   0.15500  0.89117  0.08719  0.00029  0.02103  0.00031  0.00001
   0.15550  0.88731  0.09033  0.00018  0.02190  0.00027  0.00001
   0.15600  0.88354  0.09337  0.00011  0.02275  0.00022  0.00001
   0.15650  0.88128  0.09532  0.00008  0.02313  0.00019  0.00001
   0.15700  0.88134  0.09523  0.00008  0.02316  0.00019  0.00001
   0.15750  0.88289  0.09321  0.00008  0.02358  0.00023  0.00001
   0.15800  0.88426  0.09072  0.00007  0.02465  0.00029  0.00001
   0.15850  0.88472  0.08916  0.00004  0.02571  0.00036  0.00001
   0.15900  0.88471  0.08873  0.00003  0.02613  0.00039  0.00001
   0.15950  0.88470  0.08872  0.00003  0.02615  0.00040  0.00001
   0.16000  0.88463  0.08843  0.00004  0.02649  0.00041  0.00000
   0.16050  0.88442  0.08768  0.00005  0.02737  0.00047  0.00000
   0.16100  0.88440  0.08674  0.00007  0.02823  0.00056  0.00000
   0.16150  0.88471  0.08609  0.00009  0.02849  0.00062  0.00000
   0.16200  0.88458  0.08618  0.00009  0.02854  0.00062  0.00000
   0.16250  0.88284  0.08738  0.00008  0.02915  0.00055  0.00000
   0.16300  0.87936  0.08974  0.00010  0.03031  0.00048  0.00001
   0.16350  0.87528  0.09279  0.00015  0.03131  0.00047  0.00000
   0.16400  0.87224  0.09543  0.00020  0.03162  0.00051  0.00000
   0.16450  0.87152  0.09613  0.00022  0.03159  0.00053  0.00000
   0.16500  0.87334  0.09388  0.00019  0.03211  0.00048  0.00000
   0.16550  0.87664  0.08948  0.00018  0.03330  0.00039  0.00001
   0.16600  0.87971  0.08551  0.00018  0.03425  0.00033  0.00001
   0.16650  0.88094  0.08408  0.00019  0.03446  0.00031  0.00001
   0.16700  0.87864  0.08626  0.00017  0.03459  0.00033  0.00001
   0.16750  0.87292  0.09116  0.00015  0.03538  0.00037  0.00001
   0.16800  0.86608  0.09683  0.00020  0.03649  0.00039  0.00001
   0.16850  0.86141  0.10080  0.00030  0.03711  0.00037  0.00001
   0.16900  0.86111  0.10103  0.00030  0.03716  0.00037  0.00001
   0.16950  0.86479  0.09715  0.00020  0.03741  0.00045  0.00001
   0.17000  0.87066  0.09030  0.00009  0.03836  0.00059  0.00001
   0.17050  0.87617  0.08361  0.00004  0.03946  0.00072  0.00001
   0.17100  0.88011  0.07904  0.00002  0.04001  0.00080  0.00001
   0.17150  0.88159  0.07748  0.00002  0.04007  0.00083  0.00001
   0.17200  0.87989  0.07902  0.00002  0.04026  0.00080  0.00001
   0.17250  0.87475  0.08340  0.00002  0.04107  0.00076  0.00000
   0.17300  0.86759  0.08931  0.00012  0.04217  0.00081  0.00000
   0.17350  0.86103  0.09488  0.00036  0.04274  0.00099  0.00000
   0.17400  0.85852  0.09720  0.00050  0.04267  0.00110  0.00000
   0.17450  0.85994  0.09559  0.00042  0.04302  0.00103  0.00000
   0.17500  0.86322  0.09136  0.00031  0.04420  0.00091  0.00000
   0.17550  0.86644  0.08697  0.00030  0.04544  0.00085  0.00000
   0.17600  0.86849  0.08439  0.00034  0.04594  0.00084  0.00000
   0.17650  0.86856  0.08428  0.00034  0.04598  0.00084  0.00000
   0.17700  0.86651  0.08604  0.00027  0.04636  0.00082  0.00000
   0.17750  0.86408  0.08791  0.00021  0.04702  0.00077  0.00000
   0.17800  0.86358  0.08829  0.00021  0.04717  0.00076  0.00000
   0.17850  0.86522  0.08683  0.00023  0.04680  0.00092  0.00000
   0.17900  0.86692  0.08455  0.00046  0.04678  0.00127  0.00000
   0.17950  0.86719  0.08266  0.00100  0.04752  0.00163  0.00000
   0.18000  0.86642  0.08166  0.00156  0.04851  0.00184  0.00001
   0.18050  0.86566  0.08142  0.00187  0.04913  0.00191  0.00001
   0.18100  0.86539  0.08149  0.00193  0.04925  0.00193  0.00001
   0.18150  0.86537  0.08144  0.00195  0.04930  0.00193  0.00001
   0.18200  0.86516  0.08088  0.00223  0.04977  0.00195  0.00001
   0.18250  0.86488  0.07965  0.00289  0.05046  0.00211  0.00002
   0.18300  0.86510  0.07806  0.00373  0.05069  0.00240  0.00002
   0.18350  0.86565  0.07701  0.00424  0.05048  0.00260  0.00002
   0.18400  0.86499  0.07765  0.00402  0.05079  0.00253  0.00002
   0.18450  0.86149  0.08054  0.00330  0.05229  0.00236  0.00001
   0.18500  0.85581  0.08492  0.00271  0.05419  0.00236  0.00001
   0.18550  0.85102  0.08878  0.00252  0.05518  0.00249  0.00002
   0.18600  0.84947  0.09016  0.00253  0.05527  0.00254  0.00002
   0.18650  0.85063  0.08888  0.00245  0.05553  0.00249  0.00002
   0.18700  0.85231  0.08687  0.00228  0.05615  0.00238  0.00001
   0.18750  0.85231  0.08684  0.00228  0.05617  0.00239  0.00001
   0.18800  0.84873  0.09041  0.00267  0.05549  0.00268  0.00002
   0.18850  0.83976  0.09811  0.00372  0.05510  0.00328  0.00002
   0.18900  0.82678  0.10822  0.00541  0.05572  0.00384  0.00003
   0.18950  0.81321  0.11861  0.00727  0.05679  0.00409  0.00003
   0.19000  0.80351  0.12646  0.00851  0.05744  0.00404  0.00004
   0.19050  0.80034  0.12930  0.00883  0.05752  0.00397  0.00003
   0.19100  0.80312  0.12623  0.00875  0.05779  0.00408  0.00004
   0.19150  0.80902  0.11868  0.00896  0.05891  0.00438  0.00005
   0.19200  0.81620  0.10835  0.00978  0.06068  0.00493  0.00007
   0.19250  0.82290  0.09852  0.01102  0.06180  0.00567  0.00009
   0.19300  0.82817  0.09157  0.01217  0.06168  0.00629  0.00012
   0.19350  0.82968  0.08985  0.01248  0.06142  0.00644  0.00013
   0.19400  0.82472  0.09426  0.01171  0.06288  0.00629  0.00014
   0.19450  0.81421  0.10292  0.01046  0.06583  0.00640  0.00017
   0.19500  0.80398  0.11136  0.00958  0.06801  0.00687  0.00020
   0.19550  0.79842  0.11631  0.00923  0.06857  0.00726  0.00022
   0.19600  0.79839  0.11627  0.00922  0.06863  0.00725  0.00022
   0.19650  0.80098  0.11317  0.00928  0.06940  0.00697  0.00020
   0.19700  0.80358  0.10980  0.00929  0.07051  0.00663  0.00019
   0.19750  0.80469  0.10842  0.00928  0.07094  0.00649  0.00018
   0.19800  0.80317  0.10984  0.00932  0.07088  0.00661  0.00018
   0.19850  0.79826  0.11349  0.00955  0.07175  0.00678  0.00017
   0.19900  0.79094  0.11819  0.01008  0.07398  0.00668  0.00013
   0.19950  0.78431  0.12243  0.01073  0.07614  0.00630  0.00009
   0.20000  0.78130  0.12460  0.01109  0.07693  0.00601  0.00007
   0.20050  0.78216  0.12367  0.01093  0.07699  0.00618  0.00008
   0.20100  0.78435  0.12005  0.01026  0.07829  0.00697  0.00008
   0.20150  0.78461  0.11598  0.00912  0.08186  0.00834  0.00009
   0.20200  0.78203  0.11408  0.00780  0.08607  0.00990  0.00011
   0.20250  0.77917  0.11463  0.00686  0.08830  0.01091  0.00013
   0.20300  0.77845  0.11513  0.00664  0.08855  0.01110  0.00013
   0.20350  0.77870  0.11375  0.00689  0.08936  0.01113  0.00016
   0.20400  0.77784  0.11117  0.00709  0.09193  0.01172  0.00025
   0.20450  0.77659  0.10863  0.00694  0.09457  0.01292  0.00035
   0.20500  0.77659  0.10676  0.00656  0.09547  0.01418  0.00044
   0.20550  0.77721  0.10600  0.00634  0.09526  0.01473  0.00047
   0.20600  0.77535  0.10706  0.00674  0.09625  0.01415  0.00045
   0.20650  0.76839  0.11074  0.00818  0.09936  0.01286  0.00046
   0.20700  0.75758  0.11702  0.01059  0.10235  0.01192  0.00054
   0.20750  0.74746  0.12417  0.01302  0.10278  0.01194  0.00064
   0.20800  0.74168  0.12935  0.01441  0.10148  0.01238  0.00071
   0.20850  0.74094  0.13012  0.01458  0.10119  0.01246  0.00072
   0.20900  0.74389  0.12603  0.01423  0.10322  0.01198  0.00066
   0.20950  0.74826  0.11975  0.01414  0.10601  0.01122  0.00062
   0.21000  0.75107  0.11605  0.01433  0.10716  0.01077  0.00063
   0.21050  0.74857  0.11865  0.01392  0.10718  0.01107  0.00061
   0.21100  0.73926  0.12725  0.01219  0.10876  0.01196  0.00057
   0.21150  0.72822  0.13686  0.01004  0.11177  0.01262  0.00050
   0.21200  0.72356  0.14097  0.00912  0.11322  0.01269  0.00046
   0.21250  0.72762  0.13681  0.01003  0.11196  0.01306  0.00051
   0.21300  0.73605  0.12681  0.01225  0.10973  0.01453  0.00063
   0.21350  0.74440  0.11544  0.01450  0.10828  0.01664  0.00073
   0.21400  0.75109  0.10630  0.01571  0.10768  0.01845  0.00078
   0.21450  0.75500  0.10164  0.01587  0.10734  0.01936  0.00078
   0.21500  0.75344  0.10299  0.01606  0.10759  0.01912  0.00080
   0.21550  0.74332  0.11075  0.01779  0.10936  0.01785  0.00093
   0.21600  0.72429  0.12340  0.02236  0.11216  0.01658  0.00122
   0.21650  0.70021  0.13779  0.03038  0.11300  0.01703  0.00159
   0.21700  0.67762  0.15074  0.04060  0.10911  0.01985  0.00207
   0.21750  0.66278  0.16007  0.04917  0.10222  0.02317  0.00260
   0.21800  0.65794  0.16398  0.05241  0.09830  0.02456  0.00280
   0.21850  0.65971  0.16142  0.05124  0.10085  0.02398  0.00280
   0.21900  0.66321  0.15457  0.04973  0.10664  0.02289  0.00296
   0.21950  0.66617  0.14817  0.04992  0.11039  0.02215  0.00321
   0.22000  0.66791  0.14490  0.05084  0.11114  0.02188  0.00334
   0.22050  0.66865  0.14369  0.05152  0.11089  0.02185  0.00339
   0.22100  0.66983  0.14172  0.05319  0.10962  0.02211  0.00353
   0.22150  0.67172  0.13731  0.05806  0.10542  0.02360  0.00389
   0.22200  0.67241  0.13122  0.06692  0.09802  0.02705  0.00437
   0.22250  0.67051  0.12573  0.07803  0.08966  0.03145  0.00463
   0.22300  0.66727  0.12273  0.08757  0.08311  0.03481  0.00451
   0.22350  0.66509  0.12225  0.09243  0.07979  0.03620  0.00423
   0.22400  0.66474  0.12236  0.09312  0.07925  0.03637  0.00416
   0.22450  0.66480  0.12103  0.09308  0.08039  0.03625  0.00446
   0.22500  0.66356  0.11738  0.09541  0.08234  0.03626  0.00505
   0.22550  0.66050  0.11108  0.10143  0.08413  0.03707  0.00578
   0.22600  0.65654  0.10186  0.11099  0.08413  0.03979  0.00668
   0.22650  0.65403  0.09085  0.12210  0.08090  0.04443  0.00768
   0.22700  0.65479  0.08198  0.13057  0.07603  0.04846  0.00816
   0.22750  0.65562  0.07989  0.13246  0.07453  0.04934  0.00817
   0.22800  0.64909  0.08564  0.12829  0.07994  0.04815  0.00890
   0.22850  0.63368  0.09587  0.12272  0.08952  0.04762  0.01059
   0.22900  0.61602  0.10630  0.11950  0.09742  0.04843  0.01233
   0.22950  0.60143  0.11491  0.11905  0.10113  0.04978  0.01371
   0.23000  0.59025  0.12176  0.12033  0.10152  0.05130  0.01485
   0.23050  0.58054  0.12771  0.12265  0.09994  0.05334  0.01580
   0.23100  0.57006  0.13362  0.12614  0.09716  0.05659  0.01643
   0.23150  0.55682  0.13995  0.13144  0.09383  0.06162  0.01633
   0.23200  0.54054  0.14676  0.13883  0.09113  0.06769  0.01505
   0.23250  0.52415  0.15394  0.14679  0.09010  0.07218  0.01283
   0.23300  0.51208  0.16079  0.15247  0.09048  0.07335  0.01083
   0.23350  0.50643  0.16527  0.15467  0.09097  0.07276  0.00991
   0.23400  0.50625  0.16535  0.15477  0.09101  0.07275  0.00987
   0.23450  0.50978  0.16024  0.15446  0.09134  0.07409  0.01010
   0.23500  0.51574  0.14940  0.15444  0.09331  0.07689  0.01023
   0.23550  0.52269  0.13338  0.15452  0.09782  0.08146  0.01014
   0.23600  0.52940  0.11574  0.15407  0.10395  0.08726  0.00959
   0.23650  0.53534  0.10213  0.15322  0.10898  0.09178  0.00855
   0.23700  0.53833  0.09715  0.15285  0.11066  0.09307  0.00794
   0.23750  0.53309  0.10250  0.15306  0.10971  0.09289  0.00876
   0.23800  0.51658  0.11610  0.15308  0.10892  0.09464  0.01068
   0.23850  0.49339  0.13267  0.15266  0.10892  0.09972  0.01264
   0.23900  0.47233  0.14683  0.15217  0.10817  0.10657  0.01394
   0.23950  0.45913  0.15601  0.15167  0.10648  0.11231  0.01439
   0.24000  0.45348  0.16044  0.15113  0.10519  0.11549  0.01428
   0.24050  0.45158  0.16215  0.15066  0.10471  0.11686  0.01403
   0.24100  0.45018  0.16338  0.15000  0.10476  0.11808  0.01361
   0.24150  0.44801  0.16470  0.14858  0.10629  0.11980  0.01263
   0.24200  0.44499  0.16564  0.14636  0.11090  0.12101  0.01111
   0.24250  0.44138  0.16656  0.14367  0.11855  0.12024  0.00961
   0.24300  0.43747  0.16831  0.14106  0.12700  0.11734  0.00882
   0.24350  0.43415  0.17066  0.13926  0.13310  0.11400  0.00883
   0.24400  0.43309  0.17165  0.13881  0.13466  0.11283  0.00896
   0.24450  0.43489  0.16904  0.13906  0.13330  0.11521  0.00851
   0.24500  0.43759  0.16321  0.13830  0.13356  0.11987  0.00747
   0.24550  0.43931  0.15687  0.13572  0.13779  0.12409  0.00621
   0.24600  0.44027  0.15215  0.13236  0.14404  0.12600  0.00518
   0.24650  0.44110  0.14963  0.12992  0.14877  0.12587  0.00471
   0.24700  0.44135  0.14918  0.12942  0.14974  0.12566  0.00466
   0.24750  0.44018  0.15017  0.13087  0.14700  0.12725  0.00454
   0.24800  0.43830  0.15113  0.13310  0.14256  0.13077  0.00414
   0.24850  0.43753  0.15106  0.13451  0.13920  0.13399  0.00371
   0.24900  0.43730  0.15125  0.13452  0.13943  0.13374  0.00376
   0.24950  0.43349  0.15430  0.13443  0.14410  0.12908  0.00460
   0.25000  0.42165  0.16191  0.13689  0.15055  0.12284  0.00616
   0.25050  0.40089  0.17461  0.14378  0.15246  0.12011  0.00816
   0.25100  0.37633  0.19146  0.15343  0.14472  0.12379  0.01026
   0.25150  0.35459  0.21041  0.16192  0.12965  0.13146  0.01197
   0.25200  0.34537  0.22104  0.16507  0.12018  0.13592  0.01241
   0.25250  0.34899  0.21474  0.16408  0.12602  0.13338  0.01278
   0.25300  0.35838  0.19492  0.16161  0.14524  0.12472  0.01512
   0.25350  0.36681  0.17537  0.15993  0.16436  0.11509  0.01843
   0.25400  0.37242  0.16420  0.15996  0.17341  0.10952  0.02048
   0.25450  0.37518  0.16006  0.16058  0.17507  0.10792  0.02120
   0.25500  0.37643  0.15861  0.16102  0.17473  0.10777  0.02144
   0.25550  0.37799  0.15709  0.16171  0.17326  0.10831  0.02164
   0.25600  0.38005  0.15531  0.16278  0.17020  0.10993  0.02172
   0.25650  0.38145  0.15427  0.16365  0.16749  0.11160  0.02155
   0.25700  0.38111  0.15445  0.16342  0.16824  0.11108  0.02170
   0.25750  0.37801  0.15598  0.16178  0.17410  0.10705  0.02308
   0.25800  0.37035  0.15977  0.15950  0.18424  0.10018  0.02597
   0.25850  0.35460  0.16802  0.15787  0.19778  0.09167  0.03007
   0.25900  0.33011  0.18103  0.15848  0.21122  0.08516  0.03400
   0.25950  0.29739  0.19731  0.16264  0.22026  0.08509  0.03730
   0.26000  0.26066  0.21298  0.17198  0.21721  0.09677  0.04039
   0.26050  0.22900  0.22398  0.18664  0.19721  0.12063  0.04254
   0.26100  0.21170  0.23008  0.20100  0.17044  0.14527  0.04151
   0.26150  0.20813  0.23274  0.20648  0.15825  0.15480  0.03960
   0.26200  0.20814  0.22773  0.20241  0.17080  0.14748  0.04344
   0.26250  0.20583  0.21245  0.19536  0.19872  0.13413  0.05351
   0.26300  0.20342  0.19314  0.19044  0.22519  0.12366  0.06415
   0.26350  0.20322  0.17619  0.18894  0.24067  0.11918  0.07179
   0.26400  0.20485  0.16280  0.18982  0.24525  0.12057  0.07672
   0.26450  0.20739  0.15145  0.19200  0.24189  0.12737  0.07990
   0.26500  0.21021  0.14112  0.19546  0.23262  0.13952  0.08107
   0.26550  0.21282  0.13141  0.20134  0.21797  0.15759  0.07888
   0.26600  0.21424  0.12519  0.20878  0.20300  0.17554  0.07325
   0.26650  0.21464  0.12344  0.21417  0.19398  0.18571  0.06807
   0.26700  0.21463  0.12323  0.21431  0.19373  0.18610  0.06799
   0.26750  0.21411  0.12028  0.21094  0.19883  0.18310  0.07274
   0.26800  0.21258  0.11392  0.20744  0.20476  0.18277  0.07853
   0.26850  0.20972  0.10593  0.20467  0.20932  0.18789  0.08247
   0.26900  0.20516  0.09707  0.20155  0.21110  0.20144  0.08368
   0.26950  0.19925  0.08707  0.19754  0.20780  0.22682  0.08151
   0.27000  0.19426  0.07526  0.19382  0.19738  0.26525  0.07404
   0.27050  0.19415  0.06580  0.19275  0.18605  0.29762  0.06364
   0.27100  0.19505  0.06360  0.19286  0.18321  0.30484  0.06043
   0.27150  0.18620  0.06864  0.19046  0.19138  0.29112  0.07220
   0.27200  0.16617  0.07486  0.18420  0.20537  0.27619  0.09322
   0.27250  0.14555  0.07808  0.17645  0.21620  0.27153  0.11219
   0.27300  0.13163  0.07907  0.16950  0.21903  0.27770  0.12306
   0.27350  0.12416  0.07952  0.16362  0.21546  0.29101  0.12622
   0.27400  0.12016  0.07983  0.15801  0.20843  0.30947  0.12412
   0.27450  0.11709  0.07959  0.15172  0.19839  0.33627  0.11693
   0.27500  0.11325  0.07818  0.14516  0.18528  0.37567  0.10245
   0.27550  0.10832  0.07589  0.14064  0.17334  0.41996  0.08185
   0.27600  0.10412  0.07494  0.13880  0.16913  0.44887  0.06414
   0.27650  0.10230  0.07581  0.13820  0.17058  0.45605  0.05707
   0.27700  0.10258  0.07516  0.13830  0.16962  0.45685  0.05748
   0.27750  0.10422  0.07122  0.13873  0.16426  0.46301  0.05856
   0.27800  0.10638  0.06576  0.13854  0.15735  0.47484  0.05713
   0.27850  0.10861  0.05969  0.13686  0.14985  0.49221  0.05279
   0.27900  0.11068  0.05266  0.13251  0.14147  0.51789  0.04480
   0.27950  0.11260  0.04479  0.12521  0.13380  0.55017  0.03344
   0.28000  0.11511  0.03724  0.11701  0.13065  0.57784  0.02214
   0.28050  0.11806  0.03221  0.11125  0.13297  0.58981  0.01569
   0.28100  0.11865  0.03147  0.11038  0.13375  0.59085  0.01489
   0.28150  0.11423  0.03405  0.11377  0.12622  0.59531  0.01642
   0.28200  0.10715  0.03677  0.11794  0.11219  0.60850  0.01745
   0.28250  0.10213  0.03787  0.12025  0.09826  0.62439  0.01711
   0.28300  0.10035  0.03811  0.12068  0.08979  0.63510  0.01598
   0.28350  0.10011  0.03820  0.12053  0.08743  0.63838  0.01535
   0.28400  0.10011  0.03820  0.12054  0.08743  0.63836  0.01536
   0.28450  0.10010  0.03824  0.12012  0.08692  0.63989  0.01473
   0.28500  0.10010  0.03811  0.11871  0.08700  0.64313  0.01295
   0.28550  0.10014  0.03760  0.11673  0.08964  0.64479  0.01110
   0.28600  0.10014  0.03716  0.11499  0.09378  0.64366  0.01027
   0.28650  0.10006  0.03708  0.11411  0.09647  0.64202  0.01025
   0.28700  0.10010  0.03704  0.11421  0.09608  0.64240  0.01018
   0.28750  0.10055  0.03649  0.11509  0.09232  0.64623  0.00932
   0.28800  0.10135  0.03518  0.11626  0.08583  0.65397  0.00740
   0.28850  0.10203  0.03334  0.11691  0.07862  0.66438  0.00471
   0.28900  0.10210  0.03178  0.11636  0.07476  0.67237  0.00263
   0.28950  0.10188  0.03063  0.11478  0.07597  0.67465  0.00208
   0.29000  0.10193  0.02966  0.11268  0.08159  0.67103  0.00311
   0.29050  0.10232  0.02884  0.11064  0.08866  0.66475  0.00479
   0.29100  0.10268  0.02835  0.10905  0.09466  0.65905  0.00620
   0.29150  0.10275  0.02825  0.10825  0.09784  0.65606  0.00685
   0.29200  0.10268  0.02832  0.10793  0.09919  0.65483  0.00706
   0.29250  0.10249  0.02849  0.10767  0.10038  0.65384  0.00713
   0.29300  0.10178  0.02912  0.10708  0.10301  0.65198  0.00703
   0.29350  0.09984  0.03072  0.10587  0.10742  0.64991  0.00623
   0.29400  0.09621  0.03331  0.10436  0.11040  0.65126  0.00447
   0.29450  0.09151  0.03658  0.10354  0.10655  0.65937  0.00245
   0.29500  0.08767  0.04005  0.10378  0.09646  0.67084  0.00121
   0.29550  0.08609  0.04235  0.10419  0.08891  0.67770  0.00077
   0.29600  0.08653  0.04057  0.10366  0.09502  0.67302  0.00121
   0.29650  0.08685  0.03570  0.10121  0.11472  0.65811  0.00341
   0.29700  0.08666  0.03198  0.09764  0.13486  0.64231  0.00654
   0.29750  0.08677  0.03088  0.09581  0.14279  0.63576  0.00799
   0.29800  0.08650  0.03107  0.09638  0.14141  0.63689  0.00775
   0.29850  0.08556  0.03150  0.09777  0.13988  0.63765  0.00763
   0.29900  0.08500  0.03174  0.09847  0.14031  0.63660  0.00788
   0.29950  0.08527  0.03162  0.09815  0.13902  0.63843  0.00751
   0.30000  0.08569  0.03151  0.09769  0.13519  0.64335  0.00657
   0.30050  0.08579  0.03152  0.09761  0.13385  0.64496  0.00627
   0.30100  0.08528  0.03124  0.09734  0.13955  0.63918  0.00740
   0.30150  0.08387  0.03097  0.09611  0.15044  0.62920  0.00941
   0.30200  0.08211  0.03138  0.09424  0.16014  0.62120  0.01093
   0.30250  0.08067  0.03230  0.09243  0.16594  0.61719  0.01147
