   0.00000  1.00000  0.00000  0.00000  0.00000  0.00000  0.00000
   0.00050  1.00000  0.00000  0.00000  0.00000  0.00000  0.00000
   0.00100  0.99999  0.00000  0.00000  0.00000  0.00001  0.00000
   0.00150  0.99998  0.00000  0.00000  0.00000  0.00002  0.00000
   0.00200  0.99996  0.00000  0.00000  0.00000  0.00004  0.00000
   0.00250  0.99994  0.00000  0.00000  0.00000  0.00006  0.00000
   0.00300  0.99991  0.00000  0.00000  0.00000  0.00009  0.00000
   0.00350  0.99988  0.00000  0.00000  0.00000  0.00012  0.00000
   0.00400  0.99984  0.00000  0.00000  0.00000  0.00016  0.00000
   0.00450  0.99980  0.00000  0.00000  0.00000  0.00020  0.00000
   0.00500  0.99975  0.00000  0.00000  0.00000  0.00025  0.00000
   0.00550  0.99970  0.00000  0.00000  0.00000  0.00030  0.00000
   0.00600  0.99964  0.00000  0.00000  0.00000  0.00036  0.00000
   0.00650  0.99958  0.00000  0.00000  0.00000  0.00042  0.00000
   0.00700  0.99952  0.00000  0.00000  0.00000  0.00048  0.00000
   0.00750  0.99944  0.00000  0.00000  0.00000  0.00056  0.00000
   0.00800  0.99937  0.00000  0.00000  0.00000  0.00063  0.00000
   0.00850  0.99929  0.00000  0.00000  0.00000  0.00071  0.00000
   0.00900  0.99920  0.00000  0.00000  0.00000  0.00080  0.00000
   0.00950  0.99911  0.00000  0.00000  0.00000  0.00089  0.00000
   0.01000  0.99901  0.00000  0.00000  0.00000  0.00099  0.00000
   0.01050  0.99891  0.00000  0.00000  0.00000  0.00109  0.00000
   0.01100  0.99881  0.00000  0.00000  0.00000  0.00119  0.00000
   0.01150  0.99870  0.00000  0.00000  0.00000  0.00130  0.00000
   0.01200  0.99858  0.00000  0.00000  0.00000  0.00142  0.00000
   0.01250  0.99846  0.00000  0.00000  0.00000  0.00154  0.00000
   0.01300  0.99833  0.00000  0.00000  0.00000  0.00167  0.00000
   0.01350  0.99820  0.00000  0.00000  0.00000  0.00180  0.00000
   0.01400  0.99807  0.00000  0.00000  0.00000  0.00193  0.00000
   0.01450  0.99793  0.00000  0.00000  0.00000  0.00207  0.00000
   0.01500  0.99778  0.00000  0.00000  0.00000  0.00222  0.00000
   0.01550  0.99763  0.00000  0.00000  0.00000  0.00237  0.00000
   0.01600  0.99748  0.00000  0.00000  0.00000  0.00252  0.00000
   0.01650  0.99732  0.00000  0.00000  0.00000  0.00268  0.00000
   0.01700  0.99715  0.00000  0.00000  0.00000  0.00285  0.00000
   0.01750  0.99698  0.00000  0.00000  0.00000  0.00302  0.00000
   0.01800  0.99681  0.00000  0.00000  0.00000  0.00319  0.00000
   0.01850  0.99663  0.00000  0.00000  0.00000  0.00337  0.00000
   0.01900  0.99644  0.00000  0.00000  0.00000  0.00356  0.00000
   0.01950  0.99625  0.00000  0.00000  0.00000  0.00375  0.00000
   0.02000  0.99606  0.00000  0.00000  0.00000  0.00394  0.00000
   0.02050  0.99586  0.00000  0.00000  0.00000  0.00414  0.00000
   0.02100  0.99565  0.00000  0.00000  0.00000  0.00435  0.00000
   0.02150  0.99544  0.00000  0.00000  0.00000  0.00456  0.00000
   0.02200  0.99523  0.00000  0.00000  0.00000  0.00477  0.00000
   0.02250  0.99501  0.00000  0.00000  0.00000  0.00499  0.00000
   0.02300  0.99479  0.00000  0.00000  0.00000  0.00521  0.00000
   0.02350  0.99457  0.00000  0.00000  0.00000  0.00543  0.00000
   0.02400  0.99433  0.00000  0.00000  0.00000  0.00567  0.00000
   0.02450  0.99409  0.00000  0.00000  0.00000  0.00591  0.00000
   0.02500  0.99384  0.00000  0.00000  0.00000  0.00616  0.00000
   0.02550  0.99360  0.00000  0.00000  0.00000  0.00640  0.00000
   0.02600  0.99334  0.00000  0.00000  0.00000  0.00666  0.00000
   0.02650  0.99309  0.00000  0.00000  0.00000  0.00691  0.00000
   0.02700  0.99282  0.00000  0.00000  0.00000  0.00718  0.00000
   0.02750  0.99255  0.00000  0.00000  0.00000  0.00745  0.00000
   0.02800  0.99228  0.00000  0.00000  0.00000  0.00772  0.00000
   0.02850  0.99200  0.00000  0.00000  0.00000  0.00800  0.00000
   0.02900  0.99172  0.00000  0.00000  0.00000  0.00828  0.00000
   0.02950  0.99144  0.00000  0.00000  0.00000  0.00856  0.00000
   0.03000  0.99114  0.00000  0.00000  0.00000  0.00886  0.00000
   0.03050  0.99085  0.00000  0.00000  0.00000  0.00915  0.00000
   0.03100  0.99055  0.00000  0.00000  0.00000  0.00945  0.00000
   0.03150  0.99024  0.00000  0.00000  0.00000  0.00976  0.00000
   0.03200  0.98993  0.00000  0.00000  0.00000  0.01007  0.00000
   0.03250  0.98961  0.00000  0.00000  0.00000  0.01039  0.00000
   0.03300  0.98929  0.00000  0.00000  0.00000  0.01071  0.00000
   0.03350  0.98896  0.00000  0.00000  0.00000  0.01104  0.00000
   0.03400  0.98863  0.00000  0.00000  0.00000  0.01137  0.00000
   0.03450  0.98830  0.00000  0.00000  0.00000  0.01170  0.00000
   0.03500  0.98796  0.00000  0.00000  0.00000  0.01204  0.00000
   0.03550  0.98761  0.00000  0.00000  0.00000  0.01239  0.00000
   0.03600  0.98727  0.00000  0.00000  0.00000  0.01273  0.00000
   0.03650  0.98691  0.00000  0.00000  0.00000  0.01309  0.00000
   0.03700  0.98655  0.00000  0.00000  0.00000  0.01345  0.00000
   0.03750  0.98618  0.00000  0.00000  0.00000  0.01382  0.00000
   0.03800  0.98582  0.00000  0.00000  0.00000  0.01418  0.00000
   0.03850  0.98544  0.00000  0.00000  0.00000  0.01456  0.00000
   0.03900  0.98506  0.00000  0.00000  0.00000  0.01494  0.00000
   0.03950  0.98468  0.00000  0.00000  0.00000  0.01532  0.00000
   0.04000  0.98429  0.00000  0.00000  0.00000  0.01571  0.00000
   0.04050  0.98390  0.00000  0.00000  0.00000  0.01610  0.00000
   0.04100  0.98350  0.00000  0.00000  0.00000  0.01650  0.00000
   0.04150  0.98311  0.00000  0.00000  0.00000  0.01689  0.00000
   0.04200  0.98269  0.00000  0.00000  0.00000  0.01731  0.00000
   0.04250  0.98228  0.00000  0.00000  0.00000  0.01772  0.00000
   0.04300  0.98186  0.00000  0.00000  0.00000  0.01814  0.00000
   0.04350  0.98144  0.00000  0.00000  0.00000  0.01856  0.00000
   0.04400  0.98101  0.00000  0.00000  0.00000  0.01899  0.00000
   0.04450  0.98058  0.00000  0.00000  0.00000  0.01942  0.00000
   0.04500  0.98015  0.00000  0.00000  0.00000  0.01985  0.00000
   0.04550  0.97971  0.00000  0.00000  0.00000  0.02029  0.00000
   0.04600  0.97926  0.00000  0.00000  0.00000  0.02074  0.00000
   0.04650  0.97881  0.00000  0.00000  0.00000  0.02119  0.00000
   0.04700  0.97837  0.00000  0.00000  0.00000  0.02163  0.00000
   0.04750  0.97790  0.00000  0.00000  0.00000  0.02210  0.00000
   0.04800  0.97743  0.00000  0.00000  0.00000  0.02257  0.00000
   0.04850  0.97696  0.00000  0.00000  0.00000  0.02304  0.00000
   0.04900  0.97649  0.00000  0.00000  0.00000  0.02351  0.00000
   0.04950  0.97601  0.00000  0.00000  0.00000  0.02399  0.00000
   0.05000  0.97553  0.00000  0.00000  0.00000  0.02447  0.00000
   0.05050  0.97504  0.00000  0.00000  0.00000  0.02496  0.00000
   0.05100  0.97455  0.00000  0.00000  0.00000  0.02545  0.00000
   0.05150  0.97405  0.00000  0.00000  0.00000  0.02595  0.00000
   0.05200  0.97355  0.00000  0.00000  0.00000  0.02645  0.00000
   0.05250  0.97304  0.00000  0.00000  0.00000  0.02696  0.00000
   0.05300  0.97253  0.00000  0.00000  0.00000  0.02747  0.00000
   0.05350  0.97202  0.00000  0.00000  0.00000  0.02798  0.00000
   0.05400  0.97150  0.00000  0.00000  0.00000  0.02850  0.00000
   0.05450  0.97097  0.00000  0.00000  0.00000  0.02903  0.00000
   0.05500  0.97044  0.00000  0.00000  0.00000  0.02956  0.00000
   0.05550  0.96991  0.00000  0.00000  0.00000  0.03009  0.00000
   0.05600  0.96937  0.00000  0.00000  0.00000  0.03063  0.00000
   0.05650  0.96882  0.00000  0.00000  0.00000  0.03118  0.00000
   0.05700  0.96827  0.00000  0.00000  0.00000  0.03173  0.00000
   0.05750  0.96772  0.00000  0.00000  0.00000  0.03228  0.00000
   0.05800  0.96716  0.00000  0.00000  0.00000  0.03284  0.00000
   0.05850  0.96660  0.00000  0.00000  0.00000  0.03340  0.00000
   0.05900  0.96604  0.00000  0.00000  0.00000  0.03396  0.00000
   0.05950  0.96546  0.00000  0.00000  0.00000  0.03454  0.00000
   0.06000  0.96489  0.00000  0.00000  0.00000  0.03511  0.00000
   0.06050  0.96431  0.00000  0.00000  0.00000  0.03569  0.00000
   0.06100  0.96372  0.00000  0.00000  0.00000  0.03628  0.00000
   0.06150  0.96313  0.00000  0.00000  0.00000  0.03687  0.00000
   0.06200  0.96254  0.00000  0.00000  0.00000  0.03746  0.00000
   0.06250  0.96194  0.00000  0.00000  0.00000  0.03806  0.00000
   0.06300  0.96134  0.00000  0.00000  0.00000  0.03866  0.00000
   0.06350  0.96073  0.00000  0.00000  0.00000  0.03927  0.00000
   0.06400  0.96012  0.00000  0.00000  0.00000  0.03988  0.00000
   0.06450  0.95951  0.00000  0.00000  0.00000  0.04049  0.00000
   0.06500  0.95888  0.00000  0.00000  0.00000  0.04112  0.00000
   0.06550  0.95825  0.00000  0.00000  0.00000  0.04175  0.00000
   0.06600  0.95762  0.00000  0.00000  0.00000  0.04238  0.00000
   0.06650  0.95699  0.00000  0.00000  0.00000  0.04301  0.00000
   0.06700  0.95635  0.00000  0.00000  0.00000  0.04365  0.00000
   0.06750  0.95570  0.00000  0.00000  0.00000  0.04430  0.00000
   0.06800  0.95505  0.00000  0.00000  0.00000  0.04495  0.00000
   0.06850  0.95440  0.00000  0.00000  0.00000  0.04560  0.00000
   0.06900  0.95374  0.00000  0.00000  0.00000  0.04626  0.00000
   0.06950  0.95308  0.00000  0.00000  0.00000  0.04692  0.00000
   0.07000  0.95241  0.00000  0.00000  0.00000  0.04759  0.00000
   0.07050  0.95174  0.00000  0.00000  0.00000  0.04826  0.00000
   0.07100  0.95107  0.00000  0.00000  0.00000  0.04893  0.00000
   0.07150  0.95039  0.00000  0.00000  0.00000  0.04961  0.00000
   0.07200  0.94972  0.00000  0.00000  0.00000  0.05028  0.00000
   0.07250  0.94901  0.00000  0.00000  0.00000  0.05099  0.00000
   0.07300  0.94832  0.00000  0.00000  0.00000  0.05168  0.00000
   0.07350  0.94762  0.00000  0.00000  0.00000  0.05238  0.00000
   0.07400  0.94692  0.00000  0.00000  0.00000  0.05308  0.00000
   0.07450  0.94621  0.00000  0.00000  0.00000  0.05379  0.00000
   0.07500  0.94550  0.00000  0.00000  0.00000  0.05450  0.00000
   0.07550  0.94481  0.00000  0.00000  0.00000  0.05519  0.00000
   0.07600  0.94407  0.00000  0.00000  0.00000  0.05593  0.00000
   0.07650  0.94334  0.00000  0.00000  0.00000  0.05666  0.00000
   0.07700  0.94262  0.00000  0.00000  0.00000  0.05738  0.00000
   0.07750  0.94188  0.00000  0.00000  0.00000  0.05812  0.00000
   0.07800  0.94115  0.00000  0.00000  0.00000  0.05885  0.00000
   0.07850  0.94040  0.00000  0.00000  0.00000  0.05960  0.00000
   0.07900  0.93966  0.00000  0.00000  0.00000  0.06034  0.00000
   0.07950  0.93891  0.00000  0.00000  0.00000  0.06109  0.00000
   0.08000  0.93815  0.00000  0.00000  0.00000  0.06185  0.00000
   0.08050  0.93739  0.00000  0.00000  0.00000  0.06261  0.00000
   0.08100  0.93663  0.00000  0.00000  0.00000  0.06337  0.00000
   0.08150  0.93586  0.00000  0.00000  0.00000  0.06414  0.00000
   0.08200  0.93509  0.00000  0.00000  0.00000  0.06491  0.00000
   0.08250  0.93432  0.00000  0.00000  0.00000  0.06568  0.00000
   0.08300  0.93355  0.00000  0.00000  0.00000  0.06645  0.00000
   0.08350  0.93275  0.00000  0.00000  0.00000  0.06725  0.00000
   0.08400  0.93196  0.00000  0.00000  0.00000  0.06804  0.00000
   0.08450  0.93117  0.00000  0.00000  0.00000  0.06883  0.00000
   0.08500  0.93037  0.00000  0.00000  0.00000  0.06963  0.00000
   0.08550  0.92957  0.00000  0.00000  0.00000  0.07043  0.00000
   0.08600  0.92876  0.00000  0.00000  0.00000  0.07124  0.00000
   0.08650  0.92797  0.00000  0.00000  0.00000  0.07203  0.00000
   0.08700  0.92714  0.00000  0.00000  0.00000  0.07286  0.00000
   0.08750  0.92632  0.00000  0.00000  0.00000  0.07368  0.00000
   0.08800  0.92550  0.00000  0.00000  0.00000  0.07450  0.00000
   0.08850  0.92467  0.00000  0.00000  0.00000  0.07533  0.00000
   0.08900  0.92384  0.00000  0.00000  0.00000  0.07616  0.00000
   0.08950  0.92300  0.00000  0.00000  0.00000  0.07700  0.00000
   0.09000  0.92216  0.00000  0.00000  0.00000  0.07784  0.00000
   0.09050  0.92132  0.00000  0.00000  0.00000  0.07868  0.00000
   0.09100  0.92047  0.00000  0.00000  0.00000  0.07953  0.00000
   0.09150  0.91962  0.00000  0.00000  0.00000  0.08038  0.00000
   0.09200  0.91876  0.00000  0.00000  0.00000  0.08124  0.00000
   0.09250  0.91790  0.00000  0.00000  0.00000  0.08210  0.00000
   0.09300  0.91704  0.00000  0.00000  0.00000  0.08296  0.00000
   0.09350  0.91617  0.00000  0.00000  0.00000  0.08383  0.00000
   0.09400  0.91532  0.00000  0.00000  0.00000  0.08468  0.00000
   0.09450  0.91442  0.00000  0.00000  0.00000  0.08558  0.00000
   0.09500  0.91354  0.00000  0.00000  0.00000  0.08646  0.00000
   0.09550  0.91266  0.00000  0.00000  0.00000  0.08734  0.00000
   0.09600  0.91177  0.00000  0.00000  0.00000  0.08823  0.00000
   0.09650  0.91087  0.00000  0.00000  0.00000  0.08913  0.00000
   0.09700  0.90998  0.00000  0.00000  0.00000  0.09002  0.00000
   0.09750  0.90910  0.00000  0.00000  0.00000  0.09090  0.00000
   0.09800  0.90817  0.00000  0.00000  0.00000  0.09183  0.00000
   0.09850  0.90726  0.00000  0.00000  0.00000  0.09274  0.00000
   0.09900  0.90635  0.00000  0.00000  0.00000  0.09365  0.00000
   0.09950  0.90543  0.00000  0.00000  0.00000  0.09457  0.00000
   0.10000  0.90451  0.00000  0.00000  0.00000  0.09549  0.00000
   0.10050  0.90358  0.00000  0.00000  0.00000  0.09642  0.00000
   0.10100  0.90265  0.00000  0.00000  0.00000  0.09735  0.00000
   0.10150  0.90172  0.00000  0.00000  0.00000  0.09828  0.00000
   0.10200  0.90078  0.00000  0.00000  0.00000  0.09922  0.00000
   0.10250  0.89984  0.00000  0.00000  0.00000  0.10016  0.00000
   0.10300  0.89890  0.00000  0.00000  0.00000  0.10110  0.00000
   0.10350  0.89795  0.00000  0.00000  0.00000  0.10205  0.00000
   0.10400  0.89700  0.00000  0.00000  0.00000  0.10300  0.00000
   0.10450  0.89604  0.00000  0.00000  0.00000  0.10396  0.00000
   0.10500  0.89508  0.00000  0.00000  0.00000  0.10492  0.00000
   0.10550  0.89411  0.00000  0.00000  0.00000  0.10589  0.00000
   0.10600  0.89314  0.00000  0.00000  0.00000  0.10686  0.00000
   0.10650  0.89217  0.00000  0.00000  0.00000  0.10783  0.00000
   0.10700  0.89120  0.00000  0.00000  0.00000  0.10880  0.00000
   0.10750  0.89022  0.00000  0.00000  0.00000  0.10978  0.00000
   0.10800  0.88923  0.00000  0.00000  0.00000  0.11077  0.00000
   0.10850  0.88824  0.00000  0.00000  0.00000  0.11176  0.00000
   0.10900  0.88725  0.00000  0.00000  0.00000  0.11275  0.00000
   0.10950  0.88626  0.00000  0.00000  0.00000  0.11374  0.00000
   0.11000  0.88526  0.00000  0.00000  0.00000  0.11474  0.00000
   0.11050  0.88425  0.00000  0.00000  0.00000  0.11575  0.00000
   0.11100  0.88325  0.00000  0.00000  0.00000  0.11675  0.00000
   0.11150  0.88224  0.00000  0.00000  0.00000  0.11776  0.00000
   0.11200  0.88122  0.00000  0.00000  0.00000  0.11878  0.00000
   0.11250  0.88020  0.00000  0.00000  0.00000  0.11980  0.00000
   0.11300  0.87918  0.00000  0.00000  0.00000  0.12082  0.00000
   0.11350  0.87816  0.00000  0.00000  0.00000  0.12184  0.00000
   0.11400  0.87713  0.00000  0.00000  0.00000  0.12287  0.00000
   0.11450  0.87609  0.00000  0.00000  0.00000  0.12391  0.00000
   0.11500  0.87506  0.00000  0.00000  0.00000  0.12494  0.00000
   0.11550  0.87401  0.00000  0.00000  0.00000  0.12599  0.00000
   0.11600  0.87297  0.00000  0.00000  0.00000  0.12703  0.00000
   0.11650  0.87192  0.00000  0.00000  0.00000  0.12808  0.00000
   0.11700  0.87087  0.00000  0.00000  0.00000  0.12913  0.00000
   0.11750  0.86982  0.00000  0.00000  0.00000  0.13018  0.00000
   0.11800  0.86876  0.00000  0.00000  0.00000  0.13124  0.00000
   0.11850  0.86769  0.00000  0.00000  0.00000  0.13231  0.00000
   0.11900  0.86663  0.00000  0.00000  0.00000  0.13337  0.00000
   0.11950  0.86556  0.00000  0.00000  0.00000  0.13444  0.00000
   0.12000  0.86448  0.00000  0.00000  0.00000  0.13552  0.00000
   0.12050  0.86341  0.00000  0.00000  0.00000  0.13659  0.00000
   0.12100  0.86233  0.00000  0.00000  0.00000  0.13767  0.00000
   0.12150  0.86124  0.00000  0.00000  0.00000  0.13876  0.00000
   0.12200  0.86015  0.00000  0.00000  0.00000  0.13985  0.00000
   0.12250  0.85906  0.00000  0.00000  0.00000  0.14094  0.00000
   0.12300  0.85797  0.00000  0.00000  0.00000  0.14203  0.00000
   0.12350  0.85687  0.00000  0.00000  0.00000  0.14313  0.00000
   0.12400  0.85577  0.00000  0.00000  0.00000  0.14423  0.00000
   0.12450  0.85466  0.00000  0.00000  0.00000  0.14534  0.00000
   0.12500  0.85355  0.00000  0.00000  0.00000  0.14645  0.00000
   0.12550  0.85247  0.00000  0.00000  0.00000  0.14753  0.00000
   0.12600  0.85132  0.00000  0.00000  0.00000  0.14868  0.00000
   0.12650  0.85021  0.00000  0.00000  0.00000  0.14979  0.00000
   0.12700  0.84908  0.00000  0.00000  0.00000  0.15092  0.00000
   0.12750  0.84796  0.00000  0.00000  0.00000  0.15204  0.00000
   0.12800  0.84683  0.00000  0.00000  0.00000  0.15317  0.00000
   0.12850  0.84569  0.00000  0.00000  0.00000  0.15431  0.00000
   0.12900  0.84459  0.00000  0.00000  0.00000  0.15541  0.00000
   0.12950  0.84342  0.00000  0.00000  0.00000  0.15658  0.00000
   0.13000  0.84227  0.00000  0.00000  0.00000  0.15773  0.00000
   0.13050  0.84113  0.00000  0.00000  0.00000  0.15887  0.00000
   0.13100  0.83998  0.00000  0.00000  0.00000  0.16002  0.00000
   0.13150  0.83882  0.00000  0.00000  0.00000  0.16118  0.00000
   0.13200  0.83767  0.00000  0.00000  0.00000  0.16233  0.00000
   0.13250  0.83654  0.00000  0.00000  0.00000  0.16346  0.00000
   0.13300  0.83534  0.00000  0.00000  0.00000  0.16466  0.00000
   0.13350  0.83418  0.00000  0.00000  0.00000  0.16582  0.00000
   0.13400  0.83301  0.00000  0.00000  0.00000  0.16699  0.00000
   0.13450  0.83183  0.00000  0.00000  0.00000  0.16817  0.00000
   0.13500  0.83066  0.00000  0.00000  0.00000  0.16934  0.00000
   0.13550  0.82948  0.00000  0.00000  0.00000  0.17052  0.00000
   0.13600  0.82829  0.00000  0.00000  0.00000  0.17171  0.00000
   0.13650  0.82711  0.00000  0.00000  0.00000  0.17289  0.00000
   0.13700  0.82592  0.00000  0.00000  0.00000  0.17408  0.00000
   0.13750  0.82472  0.00000  0.00000  0.00000  0.17528  0.00000
   0.13800  0.82353  0.00000  0.00000  0.00000  0.17647  0.00000
   0.13850  0.82233  0.00000  0.00000  0.00000  0.17767  0.00000
   0.13900  0.82113  0.00000  0.00000  0.00000  0.17887  0.00000
   0.13950  0.81992  0.00000  0.00000  0.00000  0.18008  0.00000
   0.14000  0.81871  0.00000  0.00000  0.00000  0.18129  0.00000
   0.14050  0.81750  0.00000  0.00000  0.00000  0.18250  0.00000
   0.14100  0.81629  0.00000  0.00000  0.00000  0.18371  0.00000
   0.14150  0.81507  0.00000  0.00000  0.00000  0.18493  0.00000
   0.14200  0.81385  0.00000  0.00000  0.00000  0.18615  0.00000
   0.14250  0.81262  0.00000  0.00000  0.00000  0.18738  0.00000
   0.14300  0.81139  0.00000  0.00000  0.00000  0.18861  0.00000
   0.14350  0.81016  0.00000  0.00000  0.00000  0.18984  0.00000
   0.14400  0.80896  0.00000  0.00000  0.00000  0.19104  0.00000
   0.14450  0.80769  0.00000  0.00000  0.00000  0.19231  0.00000
   0.14500  0.80645  0.00000  0.00000  0.00000  0.19355  0.00000
   0.14550  0.80521  0.00000  0.00000  0.00000  0.19479  0.00000
   0.14600  0.80397  0.00000  0.00000  0.00000  0.19603  0.00000
   0.14650  0.80272  0.00000  0.00000  0.00000  0.19728  0.00000
   0.14700  0.80146  0.00000  0.00000  0.00000  0.19854  0.00000
   0.14750  0.80024  0.00000  0.00000  0.00000  0.19976  0.00000
   0.14800  0.79895  0.00000  0.00000  0.00000  0.20105  0.00000
   0.14850  0.79769  0.00000  0.00000  0.00000  0.20231  0.00000
   0.14900  0.79643  0.00000  0.00000  0.00000  0.20357  0.00000
   0.14950  0.79516  0.00000  0.00000  0.00000  0.20484  0.00000
   0.15000  0.79389  0.00000  0.00000  0.00000  0.20611  0.00000
   0.15050  0.79262  0.00000  0.00000  0.00000  0.20738  0.00000
   0.15100  0.79138  0.00000  0.00000  0.00000  0.20862  0.00000
   0.15150  0.79007  0.00000  0.00000  0.00000  0.20993  0.00000
   0.15200  0.78879  0.00000  0.00000  0.00000  0.21121  0.00000
   0.15250  0.78750  0.00000  0.00000  0.00000  0.21250  0.00000
   0.15300  0.78622  0.00000  0.00000  0.00000  0.21378  0.00000
   0.15350  0.78493  0.00000  0.00000  0.00000  0.21507  0.00000
   0.15400  0.78363  0.00000  0.00000  0.00000  0.21637  0.00000
   0.15450  0.78237  0.00000  0.00000  0.00000  0.21763  0.00000
   0.15500  0.78104  0.00000  0.00000  0.00000  0.21896  0.00000
   0.15550  0.77974  0.00000  0.00000  0.00000  0.22026  0.00000
   0.15600  0.77844  0.00000  0.00000  0.00000  0.22156  0.00000
   0.15650  0.77713  0.00000  0.00000  0.00000  0.22287  0.00000
   0.15700  0.77582  0.00000  0.00000  0.00000  0.22418  0.00000
   0.15750  0.77451  0.00000  0.00000  0.00000  0.22549  0.00000
   0.15800  0.77320  0.00000  0.00000  0.00000  0.22680  0.00000
   0.15850  0.77188  0.00000  0.00000  0.00000  0.22812  0.00000
   0.15900  0.77056  0.00000  0.00000  0.00000  0.22944  0.00000
   0.15950  0.76924  0.00000  0.00000  0.00000  0.23076  0.00000
   0.16000  0.76791  0.00000  0.00000  0.00000  0.23209  0.00000
   0.16050  0.76659  0.00000  0.00000  0.00000  0.23341  0.00000
   0.16100  0.76526  0.00000  0.00000  0.00000  0.23474  0.00000
   0.16150  0.76392  0.00000  0.00000  0.00000  0.23608  0.00000
   0.16200  0.76259  0.00000  0.00000  0.00000  0.23741  0.00000
   0.16250  0.76125  0.00000  0.00000  0.00000  0.23875  0.00000
   0.16300  0.75991  0.00000  0.00000  0.00000  0.24009  0.00000
   0.16350  0.75857  0.00000  0.00000  0.00000  0.24143  0.00000
   0.16400  0.75722  0.00000  0.00000  0.00000  0.24278  0.00000
   0.16450  0.75587  0.00000  0.00000  0.00000  0.24413  0.00000
   0.16500  0.75452  0.00000  0.00000  0.00000  0.24548  0.00000
   0.16550  0.75317  0.00000  0.00000  0.00000  0.24683  0.00000
   0.16600  0.75185  0.00000  0.00000  0.00000  0.24815  0.00000
   0.16650  0.75045  0.00000  0.00000  0.00000  0.24955  0.00000
   0.16700  0.74909  0.00000  0.00000  0.00000  0.25091  0.00000
   0.16750  0.74773  0.00000  0.00000  0.00000  0.25227  0.00000
   0.16800  0.74636  0.00000  0.00000  0.00000  0.25364  0.00000
   0.16850  0.74500  0.00000  0.00000  0.00000  0.25500  0.00000
   0.16900  0.74363  0.00000  0.00000  0.00000  0.25637  0.00000
   0.16950  0.74229  0.00000  0.00000  0.00000  0.25771  0.00000
   0.17000  0.74088  0.00000  0.00000  0.00000  0.25912  0.00000
   0.17050  0.73950  0.00000  0.00000  0.00000  0.26050  0.00000
   0.17100  0.73812  0.00000  0.00000  0.00000  0.26188  0.00000
   0.17150  0.73674  0.00000  0.00000  0.00000  0.26326  0.00000
   0.17200  0.73535  0.00000  0.00000  0.00000  0.26465  0.00000
   0.17250  0.73396  0.00000  0.00000  0.00000  0.26604  0.00000
   0.17300  0.73261  0.00000  0.00000  0.00000  0.26739  0.00000
   0.17350  0.73118  0.00000  0.00000  0.00000  0.26882  0.00000
   0.17400  0.72979  0.00000  0.00000  0.00000  0.27021  0.00000
   0.17450  0.72839  0.00000  0.00000  0.00000  0.27161  0.00000
   0.17500  0.72700  0.00000  0.00000  0.00000  0.27300  0.00000
   0.17550  0.72559  0.00000  0.00000  0.00000  0.27441  0.00000
   0.17600  0.72419  0.00000  0.00000  0.00000  0.27581  0.00000
   0.17650  0.72282  0.00000  0.00000  0.00000  0.27718  0.00000
   0.17700  0.72138  0.00000  0.00000  0.00000  0.27862  0.00000
   0.17750  0.71997  0.00000  0.00000  0.00000  0.28003  0.00000
   0.17800  0.71856  0.00000  0.00000  0.00000  0.28144  0.00000
   0.17850  0.71714  0.00000  0.00000  0.00000  0.28286  0.00000
   0.17900  0.71573  0.00000  0.00000  0.00000  0.28427  0.00000
   0.17950  0.71431  0.00000  0.00000  0.00000  0.28569  0.00000
   0.18000  0.71289  0.00000  0.00000  0.00000  0.28711  0.00000
   0.18050  0.71147  0.00000  0.00000  0.00000  0.28853  0.00000
   0.18100  0.71004  0.00000  0.00000  0.00000  0.28996  0.00000
   0.18150  0.70862  0.00000  0.00000  0.00000  0.29138  0.00000
   0.18200  0.70719  0.00000  0.00000  0.00000  0.29281  0.00000
   0.18250  0.70576  0.00000  0.00000  0.00000  0.29424  0.00000
   0.18300  0.70432  0.00000  0.00000  0.00000  0.29568  0.00000
   0.18350  0.70289  0.00000  0.00000  0.00000  0.29711  0.00000
   0.18400  0.70145  0.00000  0.00000  0.00000  0.29855  0.00000
   0.18450  0.70001  0.00000  0.00000  0.00000  0.29999  0.00000
   0.18500  0.69857  0.00000  0.00000  0.00000  0.30143  0.00000
   0.18550  0.69713  0.00000  0.00000  0.00000  0.30287  0.00000
   0.18600  0.69569  0.00000  0.00000  0.00000  0.30431  0.00000
   0.18650  0.69424  0.00000  0.00000  0.00000  0.30576  0.00000
   0.18700  0.69279  0.00000  0.00000  0.00000  0.30721  0.00000
   0.18750  0.69134  0.00000  0.00000  0.00000  0.30866  0.00000
   0.18800  0.68993  0.00000  0.00000  0.00000  0.31007  0.00000
   0.18850  0.68844  0.00000  0.00000  0.00000  0.31156  0.00000
   0.18900  0.68698  0.00000  0.00000  0.00000  0.31302  0.00000
   0.18950  0.68552  0.00000  0.00000  0.00000  0.31448  0.00000
   0.19000  0.68406  0.00000  0.00000  0.00000  0.31594  0.00000
   0.19050  0.68260  0.00000  0.00000  0.00000  0.31740  0.00000
   0.19100  0.68114  0.00000  0.00000  0.00000  0.31886  0.00000
   0.19150  0.67971  0.00000  0.00000  0.00000  0.32029  0.00000
   0.19200  0.67821  0.00000  0.00000  0.00000  0.32179  0.00000
   0.19250  0.67674  0.00000  0.00000  0.00000  0.32326  0.00000
   0.19300  0.67527  0.00000  0.00000  0.00000  0.32473  0.00000
   0.19350  0.67380  0.00000  0.00000  0.00000  0.32620  0.00000
   0.19400  0.67232  0.00000  0.00000  0.00000  0.32768  0.00000
   0.19450  0.67085  0.00000  0.00000  0.00000  0.32915  0.00000
   0.19500  0.66941  0.00000  0.00000  0.00000  0.33059  0.00000
   0.19550  0.66789  0.00000  0.00000  0.00000  0.33211  0.00000
   0.19600  0.66641  0.00000  0.00000  0.00000  0.33359  0.00000
   0.19650  0.66493  0.00000  0.00000  0.00000  0.33507  0.00000
   0.19700  0.66344  0.00000  0.00000  0.00000  0.33656  0.00000
   0.19750  0.66196  0.00000  0.00000  0.00000  0.33804  0.00000
   0.19800  0.66047  0.00000  0.00000  0.00000  0.33953  0.00000
   0.19850  0.65898  0.00000  0.00000  0.00000  0.34102  0.00000
   0.19900  0.65749  0.00000  0.00000  0.00000  0.34251  0.00000
   0.19950  0.65600  0.00000  0.00000  0.00000  0.34400  0.00000
   0.20000  0.65451  0.00000  0.00000  0.00000  0.34549  0.00000
   0.20050  0.65301  0.00000  0.00000  0.00000  0.34699  0.00000
   0.20100  0.65152  0.00000  0.00000  0.00000  0.34848  0.00000
   0.20150  0.65002  0.00000  0.00000  0.00000  0.34998  0.00000
   0.20200  0.64852  0.00000  0.00000  0.00000  0.35148  0.00000
   0.20250  0.64702  0.00000  0.00000  0.00000  0.35298  0.00000
   0.20300  0.64552  0.00000  0.00000  0.00000  0.35448  0.00000
   0.20350  0.64401  0.00000  0.00000  0.00000  0.35599  0.00000
   0.20400  0.64251  0.00000  0.00000  0.00000  0.35749  0.00000
   0.20450  0.64100  0.00000  0.00000  0.00000  0.35900  0.00000
   0.20500  0.63950  0.00000  0.00000  0.00000  0.36050  0.00000
   0.20550  0.63799  0.00000  0.00000  0.00000  0.36201  0.00000
   0.20600  0.63648  0.00000  0.00000  0.00000  0.36352  0.00000
   0.20650  0.63496  0.00000  0.00000  0.00000  0.36504  0.00000
   0.20700  0.63345  0.00000  0.00000  0.00000  0.36655  0.00000
   0.20750  0.63194  0.00000  0.00000  0.00000  0.36806  0.00000
   0.20800  0.63042  0.00000  0.00000  0.00000  0.36958  0.00000
   0.20850  0.62890  0.00000  0.00000  0.00000  0.37110  0.00000
   0.20900  0.62739  0.00000  0.00000  0.00000  0.37261  0.00000
   0.20950  0.62587  0.00000  0.00000  0.00000  0.37413  0.00000
   0.21000  0.62434  0.00000  0.00000  0.00000  0.37566  0.00000
   0.21050  0.62282  0.00000  0.00000  0.00000  0.37718  0.00000
   0.21100  0.62130  0.00000  0.00000  0.00000  0.37870  0.00000
   0.21150  0.61978  0.00000  0.00000  0.00000  0.38022  0.00000
   0.21200  0.61825  0.00000  0.00000  0.00000  0.38175  0.00000
   0.21250  0.61672  0.00000  0.00000  0.00000  0.38328  0.00000
   0.21300  0.61519  0.00000  0.00000  0.00000  0.38481  0.00000
   0.21350  0.61367  0.00000  0.00000  0.00000  0.38633  0.00000
   0.21400  0.61214  0.00000  0.00000  0.00000  0.38786  0.00000
   0.21450  0.61060  0.00000  0.00000  0.00000  0.38940  0.00000
   0.21500  0.60907  0.00000  0.00000  0.00000  0.39093  0.00000
   0.21550  0.60754  0.00000  0.00000  0.00000  0.39246  0.00000
   0.21600  0.60600  0.00000  0.00000  0.00000  0.39400  0.00000
   0.21650  0.60447  0.00000  0.00000  0.00000  0.39553  0.00000
   0.21700  0.60293  0.00000  0.00000  0.00000  0.39707  0.00000
   0.21750  0.60139  0.00000  0.00000  0.00000  0.39861  0.00000
   0.21800  0.59986  0.00000  0.00000  0.00000  0.40014  0.00000
   0.21850  0.59832  0.00000  0.00000  0.00000  0.40168  0.00000
   0.21900  0.59677  0.00000  0.00000  0.00000  0.40323  0.00000
   0.21950  0.59523  0.00000  0.00000  0.00000  0.40477  0.00000
   0.22000  0.59369  0.00000  0.00000  0.00000  0.40631  0.00000
   0.22050  0.59215  0.00000  0.00000  0.00000  0.40785  0.00000
   0.22100  0.59060  0.00000  0.00000  0.00000  0.40940  0.00000
   0.22150  0.58906  0.00000  0.00000  0.00000  0.41094  0.00000
   0.22200  0.58751  0.00000  0.00000  0.00000  0.41249  0.00000
   0.22250  0.58596  0.00000  0.00000  0.00000  0.41404  0.00000
   0.22300  0.58442  0.00000  0.00000  0.00000  0.41558  0.00000
   0.22350  0.58287  0.00000  0.00000  0.00000  0.41713  0.00000
   0.22400  0.58132  0.00000  0.00000  0.00000  0.41868  0.00000
   0.22450  0.57977  0.00000  0.00000  0.00000  0.42023  0.00000
   0.22500  0.57822  0.00000  0.00000  0.00000  0.42178  0.00000
   0.22550  0.57667  0.00000  0.00000  0.00000  0.42333  0.00000
   0.22600  0.57511  0.00000  0.00000  0.00000  0.42489  0.00000
   0.22650  0.57356  0.00000  0.00000  0.00000  0.42644  0.00000
   0.22700  0.57201  0.00000  0.00000  0.00000  0.42799  0.00000
   0.22750  0.57045  0.00000  0.00000  0.00000  0.42955  0.00000
   0.22800  0.56890  0.00000  0.00000  0.00000  0.43110  0.00000
   0.22850  0.56734  0.00000  0.00000  0.00000  0.43266  0.00000
   0.22900  0.56578  0.00000  0.00000  0.00000  0.43422  0.00000
   0.22950  0.56422  0.00000  0.00000  0.00000  0.43578  0.00000
   0.23000  0.56267  0.00000  0.00000  0.00000  0.43733  0.00000
   0.23050  0.56111  0.00000  0.00000  0.00000  0.43889  0.00000
   0.23100  0.55955  0.00000  0.00000  0.00000  0.44045  0.00000
   0.23150  0.55799  0.00000  0.00000  0.00000  0.44201  0.00000
   0.23200  0.55643  0.00000  0.00000  0.00000  0.44357  0.00000
   0.23250  0.55487  0.00000  0.00000  0.00000  0.44513  0.00000
   0.23300  0.55331  0.00000  0.00000  0.00000  0.44669  0.00000
   0.23350  0.55174  0.00000  0.00000  0.00000  0.44826  0.00000
   0.23400  0.55018  0.00000  0.00000  0.00000  0.44982  0.00000
   0.23450  0.54862  0.00000  0.00000  0.00000  0.45138  0.00000
   0.23500  0.54705  0.00000  0.00000  0.00000  0.45295  0.00000
   0.23550  0.54549  0.00000  0.00000  0.00000  0.45451  0.00000
   0.23600  0.54393  0.00000  0.00000  0.00000  0.45607  0.00000
   0.23650  0.54236  0.00000  0.00000  0.00000  0.45764  0.00000
   0.23700  0.54080  0.00000  0.00000  0.00000  0.45920  0.00000
   0.23750  0.53923  0.00000  0.00000  0.00000  0.46077  0.00000
   0.23800  0.53766  0.00000  0.00000  0.00000  0.46234  0.00000
   0.23850  0.53610  0.00000  0.00000  0.00000  0.46390  0.00000
   0.23900  0.53453  0.00000  0.00000  0.00000  0.46547  0.00000
   0.23950  0.53296  0.00000  0.00000  0.00000  0.46704  0.00000
   0.24000  0.53140  0.00000  0.00000  0.00000  0.46860  0.00000
   0.24050  0.52983  0.00000  0.00000  0.00000  0.47017  0.00000
   0.24100  0.52826  0.00000  0.00000  0.00000  0.47174  0.00000
   0.24150  0.52669  0.00000  0.00000  0.00000  0.47331  0.00000
   0.24200  0.52512  0.00000  0.00000  0.00000  0.47488  0.00000
   0.24250  0.52355  0.00000  0.00000  0.00000  0.47645  0.00000
   0.24300  0.52198  0.00000  0.00000  0.00000  0.47802  0.00000
   0.24350  0.52041  0.00000  0.00000  0.00000  0.47959  0.00000
   0.24400  0.51885  0.00000  0.00000  0.00000  0.48115  0.00000
   0.24450  0.51728  0.00000  0.00000  0.00000  0.48272  0.00000
   0.24500  0.51571  0.00000  0.00000  0.00000  0.48429  0.00000
   0.24550  0.51414  0.00000  0.00000  0.00000  0.48586  0.00000
   0.24600  0.51257  0.00000  0.00000  0.00000  0.48743  0.00000
   0.24650  0.51099  0.00000  0.00000  0.00000  0.48901  0.00000
   0.24700  0.50942  0.00000  0.00000  0.00000  0.49058  0.00000
   0.24750  0.50785  0.00000  0.00000  0.00000  0.49215  0.00000
   0.24800  0.50628  0.00000  0.00000  0.00000  0.49372  0.00000
   0.24850  0.50471  0.00000  0.00000  0.00000  0.49529  0.00000
   0.24900  0.50314  0.00000  0.00000  0.00000  0.49686  0.00000
   0.24950  0.50157  0.00000  0.00000  0.00000  0.49843  0.00000
   0.25000  0.50000  0.00000  0.00000  0.00000  0.50000  0.00000
   0.25050  0.49843  0.00000  0.00000  0.00000  0.50157  0.00000
   0.25100  0.49690  0.00000  0.00000  0.00000  0.50310  0.00000
   0.25150  0.49529  0.00000  0.00000  0.00000  0.50471  0.00000
   0.25200  0.49372  0.00000  0.00000  0.00000  0.50628  0.00000
   0.25250  0.49215  0.00000  0.00000  0.00000  0.50785  0.00000
   0.25300  0.49058  0.00000  0.00000  0.00000  0.50942  0.00000
   0.25350  0.48901  0.00000  0.00000  0.00000  0.51099  0.00000
   0.25400  0.48743  0.00000  0.00000  0.00000  0.51257  0.00000
   0.25450  0.48586  0.00000  0.00000  0.00000  0.51414  0.00000
   0.25500  0.48429  0.00000  0.00000  0.00000  0.51571  0.00000
   0.25550  0.48272  0.00000  0.00000  0.00000  0.51728  0.00000
   0.25600  0.48115  0.00000  0.00000  0.00000  0.51885  0.00000
   0.25650  0.47959  0.00000  0.00000  0.00000  0.52041  0.00000
   0.25700  0.47802  0.00000  0.00000  0.00000  0.52198  0.00000
   0.25750  0.47645  0.00000  0.00000  0.00000  0.52355  0.00000
   0.25800  0.47492  0.00000  0.00000  0.00000  0.52508  0.00000
   0.25850  0.47331  0.00000  0.00000  0.00000  0.52669  0.00000
   0.25900  0.47174  0.00000  0.00000  0.00000  0.52826  0.00000
   0.25950  0.47017  0.00000  0.00000  0.00000  0.52983  0.00000
   0.26000  0.46860  0.00000  0.00000  0.00000  0.53140  0.00000
   0.26050  0.46704  0.00000  0.00000  0.00000  0.53296  0.00000
   0.26100  0.46547  0.00000  0.00000  0.00000  0.53453  0.00000
   0.26150  0.46390  0.00000  0.00000  0.00000  0.53610  0.00000
   0.26200  0.46234  0.00000  0.00000  0.00000  0.53766  0.00000
   0.26250  0.46077  0.00000  0.00000  0.00000  0.53923  0.00000
   0.26300  0.45920  0.00000  0.00000  0.00000  0.54080  0.00000
   0.26350  0.45764  0.00000  0.00000  0.00000  0.54236  0.00000
   0.26400  0.45607  0.00000  0.00000  0.00000  0.54393  0.00000
   0.26450  0.45451  0.00000  0.00000  0.00000  0.54549  0.00000
   0.26500  0.45298  0.00000  0.00000  0.00000  0.54702  0.00000
   0.26550  0.45138  0.00000  0.00000  0.00000  0.54862  0.00000
   0.26600  0.44982  0.00000  0.00000  0.00000  0.55018  0.00000
   0.26650  0.44826  0.00000  0.00000  0.00000  0.55174  0.00000
   0.26700  0.44669  0.00000  0.00000  0.00000  0.55331  0.00000
   0.26750  0.44513  0.00000  0.00000  0.00000  0.55487  0.00000
   0.26800  0.44357  0.00000  0.00000  0.00000  0.55643  0.00000
   0.26850  0.44201  0.00000  0.00000  0.00000  0.55799  0.00000
   0.26900  0.44045  0.00000  0.00000  0.00000  0.55955  0.00000
   0.26950  0.43893  0.00000  0.00000  0.00000  0.56107  0.00000
   0.27000  0.43733  0.00000  0.00000  0.00000  0.56267  0.00000
   0.27050  0.43578  0.00000  0.00000  0.00000  0.56422  0.00000
   0.27100  0.43422  0.00000  0.00000  0.00000  0.56578  0.00000
   0.27150  0.43266  0.00000  0.00000  0.00000  0.56734  0.00000
   0.27200  0.43110  0.00000  0.00000  0.00000  0.56890  0.00000
   0.27250  0.42955  0.00000  0.00000  0.00000  0.57045  0.00000
   0.27300  0.42799  0.00000  0.00000  0.00000  0.57201  0.00000
   0.27350  0.42644  0.00000  0.00000  0.00000  0.57356  0.00000
   0.27400  0.42489  0.00000  0.00000  0.00000  0.57511  0.00000
   0.27450  0.42333  0.00000  0.00000  0.00000  0.57667  0.00000
   0.27500  0.42178  0.00000  0.00000  0.00000  0.57822  0.00000
   0.27550  0.42023  0.00000  0.00000  0.00000  0.57977  0.00000
   0.27600  0.41868  0.00000  0.00000  0.00000  0.58132  0.00000
   0.27650  0.41717  0.00000  0.00000  0.00000  0.58283  0.00000
   0.27700  0.41558  0.00000  0.00000  0.00000  0.58442  0.00000
   0.27750  0.41404  0.00000  0.00000  0.00000  0.58596  0.00000
   0.27800  0.41249  0.00000  0.00000  0.00000  0.58751  0.00000
   0.27850  0.41094  0.00000  0.00000  0.00000  0.58906  0.00000
   0.27900  0.40940  0.00000  0.00000  0.00000  0.59060  0.00000
   0.27950  0.40785  0.00000  0.00000  0.00000  0.59215  0.00000
   0.28000  0.40631  0.00000  0.00000  0.00000  0.59369  0.00000
   0.28050  0.40477  0.00000  0.00000  0.00000  0.59523  0.00000
   0.28100  0.40323  0.00000  0.00000  0.00000  0.59677  0.00000
   0.28150  0.40168  0.00000  0.00000  0.00000  0.59832  0.00000
   0.28200  0.40014  0.00000  0.00000  0.00000  0.59986  0.00000
   0.28250  0.39861  0.00000  0.00000  0.00000  0.60139  0.00000
   0.28300  0.39707  0.00000  0.00000  0.00000  0.60293  0.00000
   0.28350  0.39557  0.00000  0.00000  0.00000  0.60443  0.00000
   0.28400  0.39400  0.00000  0.00000  0.00000  0.60600  0.00000
   0.28450  0.39246  0.00000  0.00000  0.00000  0.60754  0.00000
   0.28500  0.39093  0.00000  0.00000  0.00000  0.60907  0.00000
   0.28550  0.38940  0.00000  0.00000  0.00000  0.61060  0.00000
   0.28600  0.38786  0.00000  0.00000  0.00000  0.61214  0.00000
   0.28650  0.38633  0.00000  0.00000  0.00000  0.61367  0.00000
   0.28700  0.38481  0.00000  0.00000  0.00000  0.61519  0.00000
   0.28750  0.38328  0.00000  0.00000  0.00000  0.61672  0.00000
   0.28800  0.38179  0.00000  0.00000  0.00000  0.61821  0.00000
   0.28850  0.38022  0.00000  0.00000  0.00000  0.61978  0.00000
   0.28900  0.37870  0.00000  0.00000  0.00000  0.62130  0.00000
   0.28950  0.37718  0.00000  0.00000  0.00000  0.62282  0.00000
   0.29000  0.37566  0.00000  0.00000  0.00000  0.62434  0.00000
   0.29050  0.37417  0.00000  0.00000  0.00000  0.62583  0.00000
   0.29100  0.37261  0.00000  0.00000  0.00000  0.62739  0.00000
   0.29150  0.37110  0.00000  0.00000  0.00000  0.62890  0.00000
   0.29200  0.36958  0.00000  0.00000  0.00000  0.63042  0.00000
   0.29250  0.36806  0.00000  0.00000  0.00000  0.63194  0.00000
   0.29300  0.36655  0.00000  0.00000  0.00000  0.63345  0.00000
   0.29350  0.36504  0.00000  0.00000  0.00000  0.63496  0.00000
   0.29400  0.36352  0.00000  0.00000  0.00000  0.63648  0.00000
   0.29450  0.36201  0.00000  0.00000  0.00000  0.63799  0.00000
   0.29500  0.36054  0.00000  0.00000  0.00000  0.63946  0.00000
   0.29550  0.35900  0.00000  0.00000  0.00000  0.64100  0.00000
   0.29600  0.35749  0.00000  0.00000  0.00000  0.64251  0.00000
   0.29650  0.35599  0.00000  0.00000  0.00000  0.64401  0.00000
   0.29700  0.35448  0.00000  0.00000  0.00000  0.64552  0.00000
   0.29750  0.35298  0.00000  0.00000  0.00000  0.64702  0.00000
   0.29800  0.35148  0.00000  0.00000  0.00000  0.64852  0.00000
   0.29850  0.34998  0.00000  0.00000  0.00000  0.65002  0.00000
   0.29900  0.34848  0.00000  0.00000  0.00000  0.65152  0.00000
   0.29950  0.34699  0.00000  0.00000  0.00000  0.65301  0.00000
   0.30000  0.34549  0.00000  0.00000  0.00000  0.65451  0.00000
   0.30050  0.34400  0.00000  0.00000  0.00000  0.65600  0.00000
   0.30100  0.34251  0.00000  0.00000  0.00000  0.65749  0.00000
   0.30150  0.34102  0.00000  0.00000  0.00000  0.65898  0.00000
   0.30200  0.33957  0.00000  0.00000  0.00000  0.66043  0.00000
   0.30250  0.33804  0.00000  0.00000  0.00000  0.66196  0.00000
